0.000031 0.000006 -0.000691 0.000684 18.047089 16.848077 19.603925 297916.925218 213634.403357 466309.495294 0.000057 0.000024 0.000086 60.459800 32.972895 85.097880 78.672985 46.089196 110.807852 0.000051 0.000022 0.000082 55.472940 31.351604 81.630897 74.423927 43.954484 108.382478
0.000074 0.000011 -0.000647 0.000683 22.343790 20.569489 24.799978 897027.325206 580041.041625 1553171.775375 0.000055 0.000025 0.000085 56.524940 31.312323 82.191323 77.374357 45.041394 110.356538 0.000056 0.000024 0.000087 57.881807 32.222477 83.378680 78.729650 46.445916 110.389584
0.000096 0.000036 -0.000644 0.000685 18.803903 17.175607 20.507580 401796.214247 270117.876223 654754.639423 0.000056 0.000025 0.000086 55.871513 31.645527 81.796093 78.764662 46.019379 110.247009 0.000059 0.000025 0.000087 56.711248 32.540510 82.935024 81.060543 46.328084 113.066598
0.000114 0.000001 -0.000683 0.000686 18.937483 17.783093 20.627195 357144.205067 249800.631638 576813.694540 0.000056 0.000024 0.000087 56.248844 30.408195 83.691822 78.601030 46.819228 110.433118 0.000055 0.000025 0.000085 59.125566 32.151863 83.405646 77.314750 44.666378 109.289757
0.000130 -0.000021 -0.000717 0.000657 19.230788 18.135420 20.771740 396282.489807 290198.719388 593057.257035 0.000057 0.000025 0.000088 54.960400 30.944090 80.440801 76.651825 46.548123 111.886150 0.000056 0.000023 0.000086 54.994618 31.892885 81.574975 76.930269 45.571357 109.319211
0.000150 -0.000000 -0.000667 0.000673 19.709321 18.560506 21.190254 446199.826449 322703.762225 658314.888357 0.000051 0.000023 0.000085 57.457659 32.129574 81.998980 74.774374 43.750953 108.288038 0.000055 0.000024 0.000086 60.706072 33.064079 84.497818 78.633299 45.366974 110.670331
0.000166 0.000094 -0.000657 0.000729 18.890134 17.764279 20.593349 367733.509417 257919.338655 586520.818399 0.000055 0.000024 0.000085 55.341505 30.747810 81.685338 75.165666 44.380714 107.081997 0.000052 0.000025 0.000083 55.697509 32.245716 82.284861 76.746488 46.001294 110.042544
0.000178 -0.000077 -0.000713 0.000643 17.997853 17.009458 19.354670 281988.332910 211053.109791 423468.935552 0.000057 0.000026 0.000087 56.286130 30.845831 82.808751 77.050187 44.827441 109.277829 0.000057 0.000026 0.000087 57.318443 30.993567 82.599136 74.232106 43.815075 109.292927
0.000191 0.000000 -0.000683 0.000681 18.233215 17.176536 19.553893 306404.818949 231872.292288 437552.307972 0.000057 0.000025 0.000086 58.203083 33.186382 82.521922 80.049742 46.198276 108.480773 0.000056 0.000024 0.000087 57.663216 31.536335 82.974723 78.733810 45.551502 110.360398
0.000204 -0.000052 -0.000700 0.000659 17.595446 16.237979 19.154663 299240.700139 214975.392581 458085.902980 0.000058 0.000026 0.000086 55.031315 29.421932 81.460376 77.449600 43.413155 109.762158 0.000056 0.000026 0.000086 56.730507 32.097843 81.931376 79.385733 46.167268 110.852337
0.000220 -0.000094 -0.000696 0.000660 17.297848 16.367301 18.339980 233629.128373 185298.051389 322322.324032 0.000054 0.000024 0.000085 58.660944 32.679213 83.601082 75.918221 43.915475 108.354685 0.000054 0.000025 0.000085 56.650612 31.062335 82.562237 79.022912 47.093729 110.062900
0.000236 -0.000053 -0.000698 0.000626 18.207960 17.418132 19.247603 298963.957598 238797.267088 396520.674553 0.000055 0.000024 0.000086 55.740366 32.208328 81.596443 79.890821 46.677990 111.052841 0.000054 0.000024 0.000085 54.608250 31.392942 81.465210 75.897779 43.880486 108.476059
0.000252 -0.000065 -0.000724 0.000656 17.730869 17.073005 18.461885 246991.630618 207781.847725 306669.894296 0.000054 0.000024 0.000085 57.381112 32.446283 83.020577 76.567576 45.335163 110.798738 0.000053 0.000022 0.000085 58.346104 32.212766 83.327193 78.898112 47.063241 109.626956
0.000271 0.000045 -0.000699 0.000697 19.103416 18.274021 20.081175 377824.104622 299446.306352 500479.415281 0.000055 0.000024 0.000087 56.978426 31.226192 82.982029 79.035652 47.193928 110.538339 0.000056 0.000025 0.000086 59.555266 34.281973 82.470746 81.400919 46.855665 111.482559
0.000290 -0.000000 -0.000681 0.000714 18.993862 18.159459 19.897497 368075.491371 294522.530808 474736.729130 0.000056 0.000024 0.000087 57.962612 32.696364 82.187126 80.932452 46.593096 112.040381 0.000053 0.000022 0.000085 56.072546 30.424861 82.108847 69.424598 42.351336 106.334813
0.000311 0.000061 -0.000632 0.000685 18.140959 17.653978 18.768617 270333.380205 234291.934335 324513.168230 0.000056 0.000024 0.000086 57.281919 31.863055 83.297640 78.418024 45.276963 110.457838 0.000059 0.000025 0.000089 55.536432 30.115791 82.050811 77.304620 46.571938 110.066223
0.000333 -0.000004 -0.000641 0.000675 19.056539 18.356466 19.906354 374774.423345 310472.100783 472526.891840 0.000056 0.000026 0.000086 59.801489 32.593587 83.959399 78.863044 47.406820 109.887194 0.000053 0.000024 0.000084 55.511108 30.246034 82.697414 78.499191 44.149184 111.512796
0.000356 0.000028 -0.000666 0.000708 19.142594 18.440236 19.903064 376077.731828 313135.717316 460894.092082 0.000055 0.000024 0.000085 57.829604 32.506246 83.298003 80.420235 46.485240 111.681808 0.000059 0.000026 0.000086 56.409436 32.806152 82.365190 76.727229 44.665221 108.889488
0.000382 0.000086 -0.000644 0.000716 17.575094 17.182759 17.963544 223146.158170 198846.816953 252421.544488 0.000056 0.000024 0.000087 58.362618 32.926106 83.396339 75.269180 43.865918 110.082851 0.000053 0.000024 0.000085 53.933465 30.566649 80.490380 78.419794 45.125729 109.988504
0.000409 0.000017 -0.000655 0.000697 18.603822 18.142554 19.175440 311957.124186 271672.185417 369047.322485 0.000050 0.000022 0.000081 58.327680 31.221598 83.004968 79.293521 47.456269 110.623734 0.000054 0.000024 0.000087 57.203449 31.927805 82.425898 81.582954 47.375463 111.970636
0.000438 -0.000038 -0.000678 0.000661 19.314951 18.771332 19.907898 388215.166599 334774.966941 459356.106574 0.000055 0.000024 0.000087 59.787574 33.019388 83.142264 77.349083 44.747081 109.731257 0.000059 0.000027 0.000087 53.965555 30.031954 81.860010 80.150921 46.691208 109.975130
0.000469 0.000031 -0.000693 0.000699 19.245290 18.772541 19.817742 372748.797875 327179.502016 436654.768569 0.000058 0.000026 0.000087 55.802597 31.094672 83.071150 81.523262 47.661905 111.493426 0.000052 0.000024 0.000086 58.851391 33.027313 83.510518 76.537842 44.860435 109.129627
0.000503 -0.000004 -0.000720 0.000642 19.129581 18.635881 19.705556 375595.347448 328391.672646 439549.627145 0.000055 0.000026 0.000086 58.703985 33.030014 82.611440 77.963659 44.994679 109.865736 0.000057 0.000024 0.000085 56.235917 31.003465 82.153405 78.545691 46.424138 110.272181
0.000539 0.000072 -0.000671 0.000722 18.767726 18.317119 19.253509 335702.966518 298452.321852 379474.313366 0.000054 0.000026 0.000085 54.896035 31.368480 82.058408 76.206076 44.830470 109.308179 0.000056 0.000025 0.000086 58.320252 31.166212 82.688108 80.427682 47.414628 110.756628
0.000577 -0.000032 -0.000686 0.000679 19.002560 18.530478 19.501564 383499.454977 341689.059294 435446.131969 0.000057 0.000024 0.000087 56.898605 32.641203 83.114263 76.317725 45.599275 108.928235 0.000057 0.000026 0.000086 60.715858 33.495695 84.133404 76.425434 45.707054 109.525644
0.000618 0.000066 -0.000642 0.000729 19.353355 18.946412 19.804506 388738.428294 351967.856835 438385.161178 0.000055 0.000025 0.000085 56.169020 32.185119 82.834061 77.451564 44.487633 109.855748 0.000053 0.000023 0.000085 55.673251 30.341481 82.724687 78.995933 45.567118 110.810440
0.000662 0.000039 -0.000651 0.000713 18.335013 17.905407 18.766832 316632.873241 285903.878139 349727.334416 0.000057 0.000025 0.000087 52.302471 29.888964 78.782619 78.903102 45.526162 110.409664 0.000054 0.000025 0.000085 55.947879 32.600513 82.708420 79.184759 46.956136 111.370356
0.000710 0.000024 -0.000658 0.000696 19.052003 18.642355 19.456805 368325.405518 336887.545283 407585.992321 0.000057 0.000026 0.000087 59.111520 33.845592 83.383598 78.625739 45.372076 110.622559 0.000055 0.000024 0.000085 56.226473 31.197769 81.561084 74.939825 42.764153 108.824998
0.000760 -0.000027 -0.000715 0.000652 18.881377 18.570533 19.218090 346007.285527 320746.203664 377682.626433 0.000053 0.000024 0.000084 57.974335 32.708270 83.911093 78.866653 45.740954 109.779835 0.000055 0.000025 0.000084 55.186583 31.702249 83.103834 75.928638 45.025760 107.967365
0.000814 -0.000011 -0.000693 0.000700 18.441960 18.124780 18.758506 307526.424315 286031.504336 331448.041878 0.000052 0.000024 0.000084 56.657191 33.304360 82.358235 79.024962 44.608565 109.424547 0.000053 0.000024 0.000083 57.853702 32.822525 82.182269 77.723425 45.695912 108.440351
0.000872 0.000030 -0.000679 0.000722 18.858745 18.594652 19.133753 335035.313324 313805.354807 360488.552744 0.000054 0.000026 0.000085 53.853117 30.356759 81.598430 76.423088 44.004409 109.192540 0.000051 0.000023 0.000085 57.180941 31.373021 82.317781 77.060146 44.840484 108.999895
0.000934 -0.000025 -0.000684 0.000664 18.799277 18.577100 19.034303 323451.524669 304889.412952 344922.536963 0.000052 0.000023 0.000083 55.500710 31.491045 80.193505 77.047323 46.307627 107.971198 0.000052 0.000023 0.000084 57.600911 32.573777 82.686306 75.791150 44.884328 110.740316
0.001001 0.000100 -0.000664 0.000747 18.476917 18.234115 18.742267 306146.047027 288557.790469 325726.554546 0.000053 0.000023 0.000084 55.480737 30.924513 80.889730 72.411078 44.080055 107.478591 0.000052 0.000023 0.000084 55.206034 30.980213 82.177163 74.559818 44.438398 106.960104
0.001072 0.000022 -0.000661 0.000683 18.629193 18.386862 18.881205 321847.761302 303186.310270 341262.836131 0.000056 0.000024 0.000084 56.505017 30.572998 80.957129 76.082270 44.009047 109.450323 0.000052 0.000023 0.000084 55.418495 30.674560 81.182856 79.787262 46.408461 110.381383
0.001148 0.000045 -0.000684 0.000719 17.940002 17.716992 18.155066 281367.524269 267956.891615 297813.550731 0.000051 0.000023 0.000083 55.781402 30.400118 81.798922 75.721319 44.626850 107.242652 0.000054 0.000025 0.000086 55.792725 31.080486 81.743212 76.833284 44.149920 109.892669
0.001230 0.000045 -0.000706 0.000707 18.643142 18.425156 18.847559 319929.747277 304239.970140 335658.206682 0.000051 0.000024 0.000084 57.613004 31.294827 83.371735 78.675290 45.193931 109.846839 0.000053 0.000023 0.000084 55.512123 30.784573 82.310765 76.531816 46.554854 108.414876
0.001317 -0.000001 -0.000673 0.000691 18.316950 18.106638 18.548285 315514.154020 300154.554778 332428.178766 0.000058 0.000025 0.000087 55.368450 32.189664 81.443162 77.983917 46.320353 111.028513 0.000050 0.000022 0.000084 57.875444 31.953588 82.842211 76.484197 45.176623 110.116202
0.001411 -0.000026 -0.000706 0.000671 18.603813 18.429213 18.760873 308191.569701 295885.201756 320604.131787 0.000052 0.000023 0.000085 56.063834 32.172629 82.329919 77.499744 44.853884 109.580584 0.000055 0.000024 0.000086 57.863848 32.361316 82.440361 77.990870 45.520249 110.044098
0.001512 0.000082 -0.000644 0.000703 17.892346 17.724325 18.063274 270829.136124 260235.084656 281733.800769 0.000051 0.000023 0.000083 56.843058 31.206338 83.435167 77.917903 45.237097 110.007530 0.000054 0.000025 0.000085 58.899197 32.764091 83.993566 75.568350 45.296989 110.168871
0.001619 -0.000031 -0.000714 0.000677 17.867440 17.703646 18.039444 278219.408055 267632.882272 290025.272556 0.000053 0.000023 0.000085 57.552777 31.812768 83.293570 74.086013 43.541789 106.739992 0.000053 0.000023 0.000084 55.533163 30.366728 82.386659 76.955237 43.952777 109.781425
0.001734 0.000011 -0.000680 0.000666 18.051395 17.887190 18.206202 290497.906651 279433.022637 301471.660514 0.000067 0.000035 0.000091 60.438545 35.698933 83.300397 64.468089 38.286332 102.999905 0.000054 0.000025 0.000084 55.752505 30.386649 82.616649 82.132911 47.653612 112.386664
0.001857 -0.000030 -0.000711 0.000669 18.200632 18.047828 18.343628 291824.336275 281075.600039 302159.633859 0.000062 0.000032 0.000089 56.582375 32.725322 81.800403 69.904477 41.002957 104.591330 0.000055 0.000024 0.000086 55.394436 30.994192 81.357250 82.145316 48.421127 111.288595
0.001990 -0.000030 -0.000659 0.000689 17.938395 17.802735 18.079686 273596.269124 265002.183458 282750.233329 0.000053 0.000024 0.000083 58.210044 32.699722 83.817500 80.592983 45.551773 111.337659 0.000049 0.000021 0.000084 56.091998 31.666788 82.224087 75.517365 44.700839 108.620998
0.002131 -0.000036 -0.000676 0.000628 17.509324 17.386159 17.639183 256256.791694 248346.209660 264165.751510 0.000057 0.000027 0.000085 52.435069 30.493512 81.437304 79.715440 46.863272 112.115709 0.000060 0.000029 0.000089 58.541878 32.425836 83.202158 69.179006 41.417228 103.688898
0.002282 -0.000021 -0.000705 0.000723 17.495014 17.381039 17.624077 259188.245601 251567.134292 267967.470946 0.000052 0.000022 0.000083 55.432928 32.186728 81.773934 77.569110 45.184123 107.782643 0.000048 0.000021 0.000080 56.290633 30.985945 83.210034 76.550398 44.965246 108.172394
0.002445 0.000013 -0.000680 0.000695 17.483540 17.374553 17.597896 251330.344119 244306.866153 258353.075349 0.000045 0.000020 0.000080 50.569544 28.945613 80.849677 77.618476 45.384985 110.018740 0.000051 0.000023 0.000082 55.599720 30.531469 81.334342 76.144271 43.329308 108.784989
0.002618 0.000026 -0.000663 0.000696 17.170509 17.065185 17.273524 237611.498459 231136.971826 243626.404910 0.000048 0.000020 0.000080 55.454615 30.764773 82.136246 78.935897 45.443414 110.185828 0.000047 0.000020 0.000081 54.323938 30.194555 82.415214 75.716782 44.727401 107.642224
0.002804 -0.000063 -0.000714 0.000618 17.077125 16.978265 17.172695 227517.541105 221959.440489 232936.461637 0.000049 0.000021 0.000083 55.056064 30.163379 82.406747 78.274755 45.696220 110.557285 0.000061 0.000032 0.000088 59.780433 34.161160 84.047772 68.176807 41.046967 103.449612
0.003004 -0.000054 -0.000706 0.000630 16.779348 16.688979 16.876428 218804.148935 213487.691695 224156.733498 0.000048 0.000022 0.000081 57.174141 30.530159 82.517618 74.170077 44.234414 108.240485 0.000047 0.000020 0.000080 51.399897 29.414905 80.402203 74.409231 43.244421 108.554379
0.003218 0.000024 -0.000674 0.000689 16.767479 16.680019 16.864734 215974.645005 211128.657876 221343.396028 0.000050 0.000021 0.000082 54.974354 30.724158 81.216899 76.579371 45.527173 108.709159 0.000049 0.000022 0.000081 54.350885 31.275968 81.320701 75.170909 43.666622 108.489622
0.003447 0.000081 -0.000651 0.000704 16.312964 16.226798 16.400392 194407.109898 189794.501141 198939.828827 0.000045 0.000020 0.000079 56.760581 33.287628 82.332831 75.736099 44.678212 107.686333 0.000047 0.000020 0.000078 53.860868 31.051135 82.197860 74.061078 43.974042 109.306663
0.003693 0.000011 -0.000705 0.000701 16.237777 16.141630 16.342414 190984.256438 186028.642162 196160.716553 0.000049 0.000021 0.000081 55.758860 30.434426 82.512649 79.914815 46.059695 109.475601 0.000047 0.000021 0.000081 57.099510 32.505031 82.782532 73.848259 42.948758 107.146525
0.003961 0.000004 -0.000630 0.000672 15.856616 15.709250 15.981394 176894.275060 169593.370224 183445.295007 0.000055 0.000023 0.000084 56.611196 30.836519 81.964689 75.825110 43.668176 107.709990 0.000051 0.000022 0.000083 58.249788 31.461458 84.330617 78.123544 46.679796 111.020862
0.004262 0.000001 -0.000690 0.000690 15.276666 15.069746 15.482956 147356.200379 139166.812098 156593.605345 0.000053 0.000025 0.000083 56.916689 32.646636 82.398053 75.667391 44.835499 110.086965 0.000054 0.000023 0.000085 59.316913 33.306513 84.100188 78.588836 46.479836 109.782224
0.004795 0.000012 -0.000657 0.000696 15.506267 15.079485 15.965632 157810.628538 140349.434630 178823.039667 0.000056 0.000025 0.000086 55.316615 30.565077 82.469730 75.728904 44.512847 108.333252 0.000057 0.000023 0.000088 54.636316 30.767687 81.442293 78.640930 44.719666 109.966002
0.005331 -0.000006 -0.000669 0.000742 15.861612 14.933879 16.981184 207194.122319 157163.876954 289106.629016 0.000053 0.000024 0.000084 56.911527 30.504463 84.535390 76.833527 46.612066 108.359956 0.000057 0.000025 0.000088 59.500820 32.980815 83.244563 78.943189 46.712410 111.253732
0.005680 -0.000047 -0.000701 0.000636 15.323342 14.477146 16.228565 149156.325523 119453.697027 190537.355217 0.000052 0.000023 0.000085 57.703841 32.115368 84.283972 75.491335 45.904676 108.629351 0.000054 0.000026 0.000084 58.247174 32.139857 82.798750 77.182073 43.748264 110.716079
0.006048 -0.000015 -0.000703 0.000659 15.703620 14.970658 16.464382 146775.945882 121337.889212 177415.208676 0.000053 0.000024 0.000084 54.552768 30.530210 82.013380 78.732648 45.734459 109.711806 0.000058 0.000026 0.000086 59.340952 32.775193 84.023965 75.249192 45.688218 109.238991
0.006402 0.000024 -0.000659 0.000707 15.113952 14.421707 15.834397 128315.646160 107022.627439 154318.869002 0.000054 0.000024 0.000086 56.111884 31.206389 81.342547 79.366274 44.866937 110.912806 0.000056 0.000024 0.000086 60.323430 33.778296 84.865346 76.876388 43.571264 109.198137
0.006807 0.000026 -0.000667 0.000697 15.507772 14.811845 16.237673 153945.956747 128508.174115 191872.334566 0.000051 0.000023 0.000082 59.385851 31.827386 84.044650 78.205153 46.130001 111.693110 0.000055 0.000024 0.000086 56.427217 32.372460 83.250806 81.427335 48.239509 111.247499
0.007266 0.000056 -0.000661 0.000740 12.962981 12.347359 13.648608 80802.534650 66343.826670 102213.398694 0.000052 0.000024 0.000084 58.773760 33.366910 84.564732 78.295721 44.980656 110.072513 0.000055 0.000023 0.000086 57.163650 32.909154 83.248897 74.926079 43.932300 108.482990
0.007714 -0.000018 -0.000698 0.000635 13.663220 13.104331 14.229661 95518.175043 80528.109264 113907.480325 0.000057 0.000025 0.000086 61.133709 34.800239 84.614072 74.284198 43.644142 109.538443 0.000056 0.000024 0.000085 59.447569 34.343012 84.235012 75.039552 45.466260 109.602547
0.008193 0.000082 -0.000641 0.000728 13.085426 12.592567 13.615089 77899.570439 66636.084727 92308.572369 0.000055 0.000024 0.000085 57.957001 31.379214 82.958808 80.548851 45.497485 111.190408 0.000056 0.000025 0.000087 59.480311 33.656115 84.087603 80.266471 46.074170 110.279329
0.008732 0.000036 -0.000661 0.000720 13.017196 12.518494 13.493458 75005.680982 64638.211241 88714.204475 0.000057 0.000025 0.000086 57.381449 32.002250 81.941936 73.975782 43.938935 110.015213 0.000055 0.000027 0.000087 57.274243 31.797293 81.827208 79.767538 45.567720 110.697987
0.009329 0.000036 -0.000644 0.000673 12.846080 12.420836 13.303096 72690.190638 62902.396544 84097.292298 0.000053 0.000024 0.000085 58.530960 33.366503 83.606138 79.637700 45.861071 111.223842 0.000055 0.000024 0.000087 58.478762 32.515400 82.673925 78.064651 44.833662 111.327527
0.009972 0.000017 -0.000668 0.000699 12.968014 12.508168 13.475978 84024.973737 70933.055341 98972.835202 0.000057 0.000026 0.000086 56.783218 30.712911 83.054680 78.298424 45.430790 110.759173 0.000059 0.000027 0.000087 55.765981 30.928115 81.820344 78.630141 46.436094 110.373848
0.010651 0.000031 -0.000703 0.000652 12.661891 12.291490 13.029016 62521.223097 55731.864895 70219.831653 0.000056 0.000023 0.000085 58.093341 32.222658 83.799427 76.035126 44.993431 108.091101 0.000056 0.000023 0.000085 59.089763 31.407912 83.947254 79.716967 46.748269 111.762871
0.011388 -0.000074 -0.000723 0.000647 13.085014 12.699976 13.497363 84055.115166 73723.921074 96407.089864 0.000056 0.000027 0.000085 59.406916 32.190497 84.819796 75.491766 44.204519 109.699072 0.000053 0.000024 0.000085 57.849216 31.219357 82.066165 74.912289 46.146576 107.332831
0.012192 -0.000032 -0.000684 0.000656 12.536830 12.188444 12.866009 59202.730288 53144.155363 65644.665764 0.000057 0.000027 0.000087 55.496092 31.330240 82.184189 79.298271 44.625137 109.174197 0.000057 0.000025 0.000086 57.361485 31.663778 81.451848 75.709125 44.488127 109.416178
0.013036 -0.000001 -0.000620 0.000667 11.002597 10.697163 11.318986 36053.015098 32164.504699 40616.827694 0.000054 0.000024 0.000086 55.238165 31.083679 82.553142 77.423390 44.426095 109.386275 0.000055 0.000024 0.000086 57.074361 32.516660 83.365820 75.045219 43.904755 109.609116
0.013966 -0.000055 -0.000717 0.000667 11.230005 10.897111 11.589173 43967.780838 38671.325525 50860.993825 0.000054 0.000024 0.000086 57.592100 32.110565 82.093110 77.097178 45.178298 109.064364 0.000054 0.000023 0.000087 58.246941 32.522008 82.740738 77.119143 45.304398 109.267402
0.014986 0.000003 -0.000689 0.000700 10.983913 10.658535 11.299530 36854.824752 32621.550062 41336.472839 0.000057 0.000025 0.000086 55.945281 31.220837 81.930168 76.946687 45.012048 109.110912 0.000055 0.000024 0.000086 57.377723 32.490291 81.815615 78.821073 45.404456 110.713135
0.016059 -0.000023 -0.000699 0.000685 10.633403 10.332962 10.943613 32033.902108 28519.784551 36361.109215 0.000054 0.000024 0.000085 57.978141 32.748865 83.473517 76.844717 44.612158 109.811713 0.000057 0.000026 0.000085 57.963108 31.410668 82.843521 79.559948 47.891935 110.395749
0.017222 -0.000009 -0.000672 0.000661 10.307648 10.026399 10.595545 27138.079493 24412.276125 30344.223483 0.000056 0.000024 0.000087 58.408271 32.988759 83.884732 79.796053 45.057744 111.405742 0.000056 0.000023 0.000086 60.648738 32.433951 83.008065 76.938624 45.143467 109.326091
0.018429 0.000034 -0.000648 0.000696 10.207715 9.928656 10.516862 26349.551961 23643.594870 29690.363059 0.000053 0.000024 0.000085 56.240622 32.089512 82.517817 78.358569 45.125515 111.307095 0.000057 0.000026 0.000085 57.501508 32.649855 82.618798 78.737506 45.416835 109.066375
0.019705 0.000017 -0.000677 0.000699 8.972938 8.717050 9.239950 16254.145093 14449.019100 18323.456369 0.000055 0.000025 0.000085 54.412769 31.628561 82.353114 77.509871 44.984152 109.783311 0.000058 0.000024 0.000088 59.623610 33.571603 83.464106 76.120737 44.694779 108.330645
0.021181 -0.000046 -0.000710 0.000660 9.375916 9.104870 9.686346 20376.232672 18181.203702 23463.854985 0.000054 0.000023 0.000085 56.608346 32.141489 82.790936 77.636652 45.066134 112.136760 0.000055 0.000025 0.000086 57.218792 32.534384 82.410832 79.843434 46.506073 109.733032
0.022714 -0.000005 -0.000671 0.000700 8.628887 8.325261 8.945061 15244.405795 13179.312425 18043.511859 0.000054 0.000025 0.000084 60.192100 34.168832 84.431261 77.392447 42.960575 110.137542 0.000052 0.000024 0.000085 57.845989 31.178012 83.005731 75.249145 43.445975 109.597911
0.024327 -0.000041 -0.000695 0.000665 8.708410 8.449212 8.958696 14033.767603 12445.536026 15886.395979 0.000055 0.000025 0.000086 55.361767 30.729154 81.356839 75.913344 44.151622 108.094638 0.000054 0.000023 0.000084 58.370975 32.069169 83.912134 80.163897 46.765674 111.020969
0.026214 0.000044 -0.000653 0.000662 8.737646 8.452888 9.028244 14101.174739 12492.207616 16071.567041 0.000055 0.000025 0.000085 56.440845 31.503897 82.297518 79.062456 47.203975 109.562378 0.000055 0.000025 0.000085 56.906191 31.988851 82.560031 79.429031 45.660744 110.205353
0.028238 0.000003 -0.000690 0.000664 7.746744 7.484883 8.018073 8732.141409 7649.264459 10036.908927 0.000053 0.000025 0.000085 58.952053 31.505408 82.714563 75.897056 44.225397 110.221790 0.000054 0.000024 0.000085 58.022528 32.744027 82.185586 77.502723 43.988089 111.067218
0.030349 -0.000019 -0.000676 0.000673 7.944823 7.603500 8.277695 10980.652702 9260.719343 13071.138197 0.000054 0.000024 0.000085 57.295928 31.011675 83.218695 77.319124 47.244168 111.051359 0.000056 0.000025 0.000086 57.757886 32.923495 82.665061 75.828566 44.030678 108.810172
0.032869 0.000022 -0.000672 0.000685 6.995341 6.735188 7.296982 6817.686951 5807.850250 8237.329397 0.000052 0.000024 0.000085 57.082498 32.271799 83.563484 75.970288 43.913657 107.416628 0.000054 0.000022 0.000084 56.747160 31.576092 82.814298 76.979382 44.851921 110.136272
0.035670 0.000049 -0.000625 0.000708 7.335651 7.008898 7.688906 7206.704136 6036.932654 8766.618098 0.000054 0.000025 0.000083 58.827816 32.068323 83.750674 78.549273 44.280790 109.087465 0.000055 0.000024 0.000086 60.679491 33.954385 84.109827 79.090039 46.485474 110.604130
0.038620 0.000006 -0.000711 0.000670 7.041042 6.755920 7.346162 5601.211982 4789.151466 6645.774410 0.000053 0.000025 0.000085 58.664757 33.431172 83.951235 79.698620 47.530611 110.544719 0.000054 0.000024 0.000085 59.546120 34.892160 83.073695 77.255143 44.080254 110.081731
0.042702 0.000004 -0.000685 0.000710 6.833716 6.450083 7.241910 5834.229415 4676.255816 7515.817724 0.000053 0.000023 0.000084 57.059197 31.633864 82.413675 75.569551 43.555601 109.762725 0.000056 0.000025 0.000086 59.269880 32.951708 83.104674 77.513862 44.706633 109.315988
0.047776 0.000077 -0.000604 0.000700 6.145641 5.803666 6.516723 3408.934368 2725.241295 4349.922825 0.000056 0.000025 0.000085 58.015135 32.058924 83.843115 80.628533 46.385915 111.796312 0.000052 0.000024 0.000084 57.844886 32.434308 83.815252 77.948906 45.801786 109.466793
0.054080 -0.000047 -0.000681 0.000664 6.193637 5.745207 6.650325 3714.214400 2764.792825 5118.984670 0.000054 0.000024 0.000086 58.781256 31.762297 82.953590 75.247762 44.939163 109.623614 0.000056 0.000025 0.000086 57.374188 31.303868 83.625103 73.927684 44.918574 108.290300
