0.000081 0.000000 0.000000 0.000000 19.902260 18.202259 21.602261 0.000000 0.000000 0.000000 0.000000 0.000000 0.000000 0.000000 0.000000 0.000000 0.000000 0.000000 0.000000
0.000157 0.000000 0.000000 0.000000 21.612265 20.612265 22.612265 0.000000 0.000000 0.000000 0.000000 0.000000 0.000000 0.000000 0.000000 0.000000 0.000000 0.000000 0.000000
0.000230 0.000000 0.000000 0.000000 22.805481 21.605480 24.005482 0.000000 0.000000 0.000000 0.000000 0.000000 0.000000 0.000000 0.000000 0.000000 0.000000 0.000000 0.000000
0.000330 0.000000 0.000000 0.000000 17.414074 17.014074 17.814074 0.000000 0.000000 0.000000 0.000000 0.000000 0.000000 0.000000 0.000000 0.000000 0.000000 0.000000 0.000000
0.000442 0.000000 0.000000 0.000000 18.509727 17.509727 19.509727 0.000000 0.000000 0.000000 0.000000 0.000000 0.000000 0.000000 0.000000 0.000000 0.000000 0.000000 0.000000
0.001989 0.000014 -0.000699 0.000668 16.726478 15.308147 18.288395 230088.542961 160131.352486 364258.060165 0.000054 0.000023 0.000085 59.718754 32.207166 84.894423 78.565852 45.301888 110.210095
0.004736 -0.000015 -0.000715 0.000688 16.139705 14.692499 17.620270 186278.655439 130914.072441 289195.586300 0.000055 0.000024 0.000084 59.177222 34.330263 83.699575 76.143293 44.897721 109.677111
0.005795 -0.000023 -0.000690 0.000630 13.481350 12.554043 14.569250 74127.924749 56300.347882 102532.375087 0.000052 0.000022 0.000084 57.468797 31.533132 83.081645 79.940180 45.171132 110.870025
0.006410 0.000042 -0.000685 0.000699 12.704233 11.693795 13.831858 65987.429633 48085.279871 95599.019378 0.000057 0.000026 0.000088 59.294596 33.637161 83.805784 77.515934 46.322881 107.829530
0.007139 -0.000014 -0.000706 0.000678 13.928304 12.754979 15.051102 101783.701825 73443.206653 143038.936234 0.000054 0.000025 0.000086 57.332169 32.075008 81.594460 81.350188 46.805344 111.160679
0.007944 0.000002 -0.000669 0.000687 12.053004 10.897099 13.406001 71906.506880 47296.238114 117730.108042 0.000056 0.000025 0.000084 54.356225 30.545429 81.540075 77.168345 44.762607 109.680493
0.008789 -0.000065 -0.000687 0.000600 14.179460 13.229333 15.301674 97173.331569 74203.495396 134867.338396 0.000052 0.000023 0.000083 60.210572 32.514515 84.445798 76.117719 45.267972 108.555644
0.009789 0.000011 -0.000643 0.000694 9.509522 8.710444 10.381397 20782.879316 14789.159949 30040.796307 0.000054 0.000024 0.000085 58.951884 32.773554 83.221436 78.409840 45.596904 110.275323
0.011039 -0.000037 -0.000702 0.000663 12.502113 11.453040 13.729149 70348.051584 49831.808517 106830.214378 0.000055 0.000024 0.000083 57.045772 31.750881 81.887839 79.705864 45.562763 111.852063
0.012268 0.000020 -0.000666 0.000713 11.708781 10.976866 12.522149 44123.127597 34050.931946 58098.974127 0.000053 0.000024 0.000084 56.285854 31.090430 83.576789 75.827979 45.693987 106.804389
0.013250 -0.000066 -0.000667 0.000676 11.869083 11.034602 12.806479 49088.556323 36587.710740 67430.823880 0.000056 0.000026 0.000086 58.995814 33.234911 82.823364 76.787612 43.932045 109.589215
0.014049 0.000111 -0.000608 0.000709 11.117754 10.189213 12.198178 42934.565030 30430.311907 64126.666120 0.000055 0.000025 0.000086 58.330909 32.527953 83.079063 76.471887 44.087298 109.144955
0.014853 -0.000046 -0.000725 0.000656 9.213405 8.444175 10.072213 20209.610991 14024.625639 29837.821997 0.000056 0.000025 0.000086 58.665072 31.648455 83.327618 78.196512 45.526018 109.246858
0.015922 0.000108 -0.000626 0.000721 11.062938 10.367531 11.872760 33334.956587 26045.797533 44521.698637 0.000057 0.000025 0.000087 58.694519 32.473689 83.151680 73.721964 42.832847 106.783652
0.017227 0.000063 -0.000654 0.000709 7.752437 7.083326 8.600482 9932.088380 6968.587395 15722.644572 0.000054 0.000024 0.000085 55.409099 31.531229 82.463898 77.069005 45.894489 110.054796
0.018802 -0.000007 -0.000686 0.000660 8.887280 8.220914 9.665259 19389.340895 13732.599960 28437.683496 0.000055 0.000024 0.000086 55.301036 30.407349 81.050406 77.900792 46.636909 110.224346
0.020411 0.000043 -0.000656 0.000678 9.900704 9.116410 10.754229 25011.441994 18036.031777 36844.858926 0.000058 0.000024 0.000086 59.126398 32.039359 84.209071 79.665444 45.785997 110.312609
0.021720 0.000008 -0.000674 0.000688 8.790688 8.095349 9.543086 17519.070115 12445.685326 26157.994653 0.000056 0.000024 0.000086 58.662283 32.573696 82.992318 76.287817 45.699263 109.526598
0.023141 0.000003 -0.000636 0.000663 10.402590 9.641643 11.289917 29424.069373 21714.406292 41289.596229 0.000055 0.000023 0.000086 57.394400 31.884959 83.451264 74.532339 42.825309 108.629984
0.024652 -0.000004 -0.000683 0.000675 8.835792 8.245632 9.526264 14438.094546 10961.644116 19592.695670 0.000055 0.000025 0.000086 59.136616 32.740080 83.142907 80.202306 46.810691 110.575972
0.026380 -0.000013 -0.000690 0.000655 7.817274 7.255669 8.401019 8738.310903 6633.352906 12125.313982 0.000052 0.000023 0.000085 56.700636 31.934754 82.719018 77.654650 45.621687 110.455814
0.028521 -0.000018 -0.000654 0.000690 7.178309 6.581928 7.819168 6718.920432 4923.030291 9743.690771 0.000057 0.000025 0.000086 56.058567 30.309872 83.016136 77.466351 47.610750 110.872435
0.031293 -0.000031 -0.000706 0.000659 8.083745 7.273558 9.034309 15344.542183 9754.378983 26544.142954 0.000055 0.000025 0.000084 57.514995 32.343976 81.826233 80.509200 47.527165 111.086875
0.035691 -0.000007 -0.000659 0.000635 6.431846 5.956931 6.988737 4145.036597 3067.510216 5948.134059 0.000052 0.000023 0.000084 58.445251 32.231032 83.919540 81.853428 47.155131 111.100321
