0.000031 0.000092 -0.000647 0.000719 17.847172 16.119576 19.969246 353643.996992 223842.413973 627490.319874 0.000054 0.000023 0.000086 57.261695 31.429363 83.674344 80.935856 47.323046 112.482258 0.000052 0.000023 0.000083 58.382428 33.110805 83.251660 75.142294 44.983104 109.676289
0.000074 0.000005 -0.000666 0.000688 18.280259 17.281709 19.599427 299555.248945 225024.963128 444330.300761 0.000053 0.000023 0.000086 56.729649 31.062940 83.539108 77.264412 44.052882 111.696547 0.000054 0.000023 0.000086 55.710797 31.201568 81.754291 75.192965 44.540058 107.651493
0.000096 0.000054 -0.000676 0.000691 18.507540 17.345655 20.202838 348077.070551 243248.914305 554234.245654 0.000055 0.000023 0.000085 54.806663 31.572297 82.037823 81.670938 45.723046 112.530683 0.000055 0.000025 0.000087 58.129412 33.726010 82.539026 78.363759 44.184959 112.154371
0.000114 0.000069 -0.000630 0.000693 20.887034 19.155530 23.249752 649102.398314 417888.365353 1137582.275205 0.000056 0.000024 0.000087 57.105111 32.085054 82.818975 73.821791 44.551114 108.341003 0.000057 0.000025 0.000087 57.698870 32.993901 82.271346 76.671401 45.862587 109.681562
0.000130 -0.000109 -0.000735 0.000588 20.546308 19.167830 22.384256 576956.555409 401043.929687 909531.054128 0.000053 0.000024 0.000085 57.081468 31.862590 83.186117 75.372621 43.438452 110.374776 0.000054 0.000023 0.000086 55.565048 30.891567 82.909130 76.538832 44.898023 110.155464
0.000150 0.000032 -0.000640 0.000671 21.346066 19.919232 23.205745 725487.002285 488706.551745 1133314.559431 0.000057 0.000023 0.000087 57.679453 31.572666 84.475391 77.447738 45.067910 110.244947 0.000055 0.000023 0.000086 58.249874 32.058770 83.352261 80.855021 47.192187 110.413969
0.000166 0.000008 -0.000688 0.000680 19.445031 18.213988 21.154961 418698.470881 299101.790668 654586.749613 0.000055 0.000024 0.000085 57.029350 31.455398 82.981119 75.915695 45.512756 108.050658 0.000058 0.000025 0.000087 58.495732 32.673071 82.863917 77.019482 45.543490 108.543048
0.000178 0.000024 -0.000629 0.000643 20.035805 18.659236 22.010018 504554.317861 341973.922583 819472.745596 0.000056 0.000024 0.000087 58.974332 32.258111 84.235637 75.195979 44.603352 108.919495 0.000055 0.000023 0.000086 55.306346 30.568460 80.437193 77.952990 46.053445 109.731565
0.000191 0.000015 -0.000663 0.000703 18.880297 17.824208 20.400158 368064.208849 269378.417108 550084.057624 0.000053 0.000023 0.000085 57.621606 31.763357 83.111491 79.399506 46.445285 110.931127 0.000055 0.000025 0.000086 57.911644 32.200287 83.350887 77.028735 46.593963 108.228232
0.000204 -0.000021 -0.000706 0.000673 17.492137 16.469302 18.602197 251468.849769 192486.471714 349963.453614 0.000057 0.000025 0.000085 58.083692 32.627329 83.046072 79.920768 46.636696 110.876130 0.000055 0.000025 0.000084 54.415048 29.934077 81.618743 81.498765 45.615483 111.024520
0.000220 -0.000029 -0.000707 0.000654 18.894034 17.873344 20.238949 368756.775990 276436.540913 536849.798526 0.000052 0.000025 0.000083 56.649529 31.022759 82.584816 77.613043 43.568122 109.794292 0.000053 0.000024 0.000084 58.512583 31.918230 83.809743 78.946086 46.377655 109.989774
0.000236 0.000127 -0.000656 0.000702 20.006549 19.016905 21.403893 486645.057141 371513.870926 702888.018996 0.000055 0.000027 0.000084 57.276061 31.857243 82.842167 75.284380 44.757723 108.489174 0.000056 0.000025 0.000086 53.910105 31.547464 82.080315 78.403250 43.780269 110.468676
0.000252 -0.000071 -0.000717 0.000646 19.618590 18.693173 20.776317 437703.721561 340948.925874 601079.465328 0.000051 0.000022 0.000084 55.856519 32.038951 81.603843 80.536957 45.323359 110.022615 0.000054 0.000025 0.000086 60.101401 32.586557 84.055904 81.472899 46.513720 111.282201
0.000271 0.000021 -0.000677 0.000708 18.566347 17.666667 19.668377 336224.686588 265866.225084 453163.323404 0.000056 0.000025 0.000086 56.528227 31.489025 82.235681 77.490859 45.473260 109.647973 0.000053 0.000023 0.000086 55.922859 30.860230 81.185325 79.728025 45.477529 112.078551
0.000290 0.000096 -0.000609 0.000739 18.416189 17.730130 19.244038 301870.284725 248230.853915 384612.955053 0.000058 0.000024 0.000086 58.292629 32.788970 83.431057 77.554626 45.154619 110.548344 0.000057 0.000027 0.000087 56.508199 32.651748 82.651611 79.107314 48.104787 110.350923
0.000311 -0.000019 -0.000706 0.000691 19.352830 18.300473 20.542883 444275.336487 346368.519769 613576.047543 0.000058 0.000025 0.000088 57.505217 32.371470 82.194106 77.096546 45.522088 107.040006 0.000052 0.000022 0.000083 56.378473 31.618369 82.344710 79.659109 45.900456 109.692032
0.000333 -0.000002 -0.000646 0.000655 18.508880 17.869377 19.221070 310665.914029 258658.585167 385055.009851 0.000056 0.000025 0.000088 61.296699 33.948095 84.292114 78.936440 44.255206 110.869585 0.000055 0.000026 0.000085 57.044886 32.762321 82.244296 81.712438 47.057967 112.130838
0.000356 -0.000059 -0.000729 0.000652 19.066002 18.337166 19.881728 381627.742502 313405.613804 480248.899493 0.000056 0.000025 0.000086 55.700343 29.959594 80.336356 75.701198 43.858588 109.181048 0.000051 0.000026 0.000084 58.238783 33.195645 82.613579 79.995016 44.160443 111.204965
0.000382 0.000041 -0.000628 0.000699 19.846250 19.150479 20.624291 454834.957461 380246.912309 561123.165166 0.000056 0.000024 0.000084 56.917525 30.374312 82.855023 80.468369 47.231307 110.925793 0.000053 0.000022 0.000085 60.091856 33.952698 83.310209 72.979387 43.559030 107.900072
0.000409 0.000054 -0.000652 0.000725 18.651677 18.185609 19.227445 313475.860390 273608.966988 369040.456170 0.000051 0.000023 0.000083 55.653533 30.867662 81.680203 74.153407 44.515834 108.727774 0.000054 0.000024 0.000086 58.033085 32.266925 82.064437 76.574081 45.958539 108.846685
0.000438 -0.000090 -0.000678 0.000626 18.930954 18.448551 19.451539 342574.402880 298878.812616 401235.235072 0.000055 0.000025 0.000086 57.810586 32.615412 83.163934 79.092419 45.528158 110.046405 0.000053 0.000024 0.000083 57.785917 32.883506 82.840196 78.321358 45.392837 110.076821
0.000469 -0.000014 -0.000640 0.000682 18.555440 18.104608 19.050430 311918.808401 275557.230650 357237.799339 0.000058 0.000027 0.000087 56.347152 30.781065 82.450393 78.204275 44.414227 109.503847 0.000057 0.000024 0.000085 59.609273 33.283600 84.522803 77.815790 43.927238 109.881332
0.000503 0.000000 -0.000684 0.000689 19.689261 19.149684 20.253752 429878.615300 371855.578684 502100.945228 0.000054 0.000025 0.000084 55.328472 31.333305 82.702587 72.709009 43.166447 106.451269 0.000056 0.000024 0.000087 57.396851 31.023485 82.736121 75.730824 44.491008 109.488777
0.000539 0.000031 -0.000664 0.000692 19.281755 18.745275 19.862190 406998.945931 357742.781127 471809.073331 0.000056 0.000026 0.000086 54.268049 30.495605 80.596829 79.538000 45.894528 111.908065 0.000054 0.000025 0.000086 57.263760 31.992871 83.639828 74.085950 44.883455 108.232106
0.000577 -0.000001 -0.000679 0.000720 18.488982 17.948607 18.997380 342477.449212 301813.644580 388708.488315 0.000056 0.000026 0.000085 59.469669 33.184808 83.471233 78.829713 45.269104 109.622529 0.000055 0.000026 0.000086 54.902549 30.905896 82.190516 76.551209 42.575688 109.424710
0.000618 0.000006 -0.000671 0.000678 18.396651 18.113744 18.724015 287845.543801 266520.333336 316499.730169 0.000053 0.000024 0.000084 60.077227 33.310939 84.388908 77.844509 44.905604 109.492598 0.000053 0.000023 0.000083 59.083027 33.412576 83.122259 78.544971 45.874587 110.391565
0.000662 -0.000037 -0.000692 0.000657 19.236468 18.870527 19.589049 372195.850319 337856.835987 407714.494877 0.000052 0.000023 0.000085 56.679261 31.421327 82.459989 78.944525 45.914039 110.886514 0.000053 0.000023 0.000085 58.327101 31.855188 82.404624 72.856291 43.817399 107.950234
0.000710 -0.000044 -0.000689 0.000606 18.217027 17.876448 18.529934 279192.057729 259533.543276 304254.546951 0.000055 0.000022 0.000085 57.574613 31.696220 82.296808 76.228392 46.968811 107.384676 0.000051 0.000023 0.000083 58.934795 31.234259 83.947501 77.964744 43.921878 110.938602
0.000760 0.000028 -0.000658 0.000697 19.555819 19.243034 19.894705 404565.752871 371920.176662 443675.393849 0.000054 0.000024 0.000086 59.194905 33.084091 84.558146 76.209186 43.478064 109.370870 0.000053 0.000025 0.000084 59.242841 33.456679 84.859485 76.479112 44.357994 110.935370
0.000814 0.000049 -0.000667 0.000698 18.827078 18.569272 19.102438 327574.225615 305850.680296 353415.271342 0.000056 0.000026 0.000086 55.203519 31.014049 81.237639 75.727130 44.831083 108.594148 0.000054 0.000026 0.000084 60.354072 32.623978 84.771984 78.441938 45.773943 110.226381
0.000872 -0.000102 -0.000716 0.000625 19.164652 18.887900 19.446403 362445.509726 338858.513031 390833.066553 0.000055 0.000024 0.000084 56.881548 30.848028 83.169430 78.127248 45.225407 110.039523 0.000055 0.000025 0.000085 54.509473 32.065559 81.469362 81.611149 45.613114 111.059767
0.000934 0.000033 -0.000637 0.000720 18.694657 18.410425 18.966537 329413.619882 309427.460745 353823.058994 0.000059 0.000027 0.000087 55.092161 30.244092 81.337282 77.371568 46.283731 109.653429 0.000055 0.000026 0.000086 55.903464 31.925411 82.477161 77.356583 43.473615 110.040836
0.001001 -0.000047 -0.000691 0.000656 18.072579 17.813831 18.321764 275528.064795 260575.970459 291544.388356 0.000055 0.000025 0.000086 57.423125 31.831763 83.678470 77.425019 44.459971 110.861129 0.000055 0.000025 0.000085 56.113595 31.394951 82.087841 80.796414 46.241449 111.223025
0.001072 -0.000009 -0.000696 0.000679 18.813929 18.587006 19.031628 330793.204275 313087.356810 349395.735880 0.000053 0.000024 0.000084 57.586970 32.374620 83.622055 78.449528 44.668084 111.683984 0.000055 0.000023 0.000086 55.505310 30.922682 80.641276 78.318199 46.204863 110.454582
0.001148 0.000024 -0.000652 0.000702 18.324437 18.106826 18.564099 292377.233035 277358.662701 308389.218389 0.000056 0.000025 0.000087 59.494871 33.617962 83.122071 74.528620 44.570946 106.335756 0.000055 0.000024 0.000084 55.232432 31.162821 82.155108 78.106318 46.189963 110.478738
0.001230 0.000002 -0.000702 0.000675 18.529765 18.328009 18.724876 305676.569789 291057.115573 320159.827673 0.000057 0.000025 0.000087 56.574959 31.046691 81.994280 77.200215 45.613712 109.693160 0.000054 0.000025 0.000083 59.374987 33.384733 83.395269 73.406942 42.608597 108.065398
0.001317 -0.000013 -0.000676 0.000674 18.327207 18.120919 18.544464 299164.121437 285325.055355 314853.411021 0.000055 0.000024 0.000086 56.572324 30.865175 80.709425 81.640236 48.585254 112.123230 0.000068 0.000038 0.000090 63.728603 36.172686 86.104298 66.121865 40.538236 103.176932
0.001411 -0.000033 -0.000711 0.000702 18.503704 18.332373 18.673547 300249.943981 288537.799595 312360.883094 0.000055 0.000024 0.000084 59.234612 32.706364 84.013708 75.487666 43.635194 109.651966 0.000055 0.000025 0.000085 56.118706 31.441124 81.369420 79.418547 46.839831 108.592195
0.001512 -0.000017 -0.000683 0.000693 18.190104 18.018397 18.373838 289213.720657 278050.601114 301992.176546 0.000058 0.000026 0.000087 54.998881 30.169686 81.546236 80.247487 46.602441 110.362079 0.000068 0.000036 0.000091 61.744789 35.351781 85.295667 66.259609 38.999407 104.792336
0.001619 0.000055 -0.000669 0.000695 18.070927 17.921443 18.243536 278923.803511 268595.971259 289501.560363 0.000051 0.000022 0.000085 54.043225 30.674222 81.525580 78.090625 46.134925 110.630034 0.000052 0.000024 0.000085 58.778768 32.356065 83.444005 75.795661 45.548985 108.924876
0.001734 -0.000006 -0.000673 0.000662 17.935175 17.782715 18.103307 281896.646258 271899.766585 293645.991843 0.000053 0.000023 0.000085 58.851379 33.494163 83.488048 72.108700 42.194614 106.519475 0.000053 0.000022 0.000085 57.257430 31.081019 82.561988 78.669920 46.565634 109.940851
0.001857 -0.000051 -0.000692 0.000637 17.748865 17.599676 17.892365 267147.120427 258360.288725 276792.498709 0.000054 0.000024 0.000085 55.060902 30.108057 81.767115 73.894306 43.826731 108.312901 0.000052 0.000023 0.000084 56.733083 32.054050 82.780634 75.025620 44.804561 107.450619
0.001990 -0.000003 -0.000675 0.000626 17.742311 17.603222 17.876739 264614.561258 255731.923466 273551.840215 0.000049 0.000022 0.000083 56.606009 32.072120 82.957214 75.932492 44.097448 109.112685 0.000053 0.000023 0.000084 55.052122 31.077313 83.527615 73.014134 43.370974 107.828999
0.002131 0.000026 -0.000690 0.000693 17.575987 17.444881 17.693227 254020.457228 246696.042521 261273.446398 0.000050 0.000022 0.000082 55.840660 31.888969 82.721793 77.800062 44.843297 109.503887 0.000050 0.000022 0.000083 55.434762 31.136770 81.958614 78.526337 45.950090 110.537164
0.002282 0.000065 -0.000674 0.000723 17.563075 17.443123 17.688378 255331.490075 248139.926444 263407.538413 0.000057 0.000024 0.000086 55.541502 30.854347 81.519667 75.111218 44.299973 108.639249 0.000048 0.000021 0.000081 56.989680 31.702051 81.949048 76.464574 45.103009 109.146160
0.002445 -0.000001 -0.000678 0.000712 17.419232 17.302739 17.537538 250639.010291 243773.792562 257872.712712 0.000047 0.000021 0.000081 57.715766 31.145045 83.077844 73.976987 42.504995 107.135081 0.000049 0.000021 0.000082 53.276392 30.634978 81.917264 75.385041 45.068132 109.738996
0.002618 0.000102 -0.000622 0.000704 17.143518 17.037377 17.254180 230826.525564 225373.655426 237228.690099 0.000053 0.000022 0.000085 51.709630 29.834636 79.260671 78.053940 45.143407 110.677176 0.000066 0.000035 0.000090 63.483943 38.067485 85.446706 69.334013 41.606590 104.201045
0.002804 -0.000060 -0.000681 0.000673 16.943182 16.844761 17.041419 224352.736275 218858.664856 229817.339703 0.000048 0.000022 0.000082 55.850477 31.129590 83.453591 75.988320 43.392901 109.095976 0.000047 0.000022 0.000079 55.122784 30.768123 82.274329 77.709775 45.877792 109.734763
0.003004 0.000018 -0.000664 0.000684 16.924762 16.827305 17.020015 224785.625988 219389.287144 230154.347450 0.000049 0.000021 0.000081 55.942716 31.156722 80.853915 75.960937 44.798673 108.669485 0.000048 0.000020 0.000082 54.249465 31.461274 81.116170 74.013706 44.863701 107.202567
0.003218 0.000118 -0.000606 0.000717 16.592915 16.501072 16.681518 206686.319360 201811.052552 211748.076787 0.000048 0.000021 0.000081 55.880148 31.704417 80.611699 77.853815 46.576880 108.586932 0.000043 0.000020 0.000077 55.896620 30.953798 82.207938 76.153418 47.037340 107.405448
0.003447 0.000009 -0.000643 0.000691 16.387363 16.292814 16.481860 197823.731194 193022.760604 202737.409185 0.000048 0.000022 0.000080 53.909687 30.396881 80.357814 75.835975 44.118505 108.618042 0.000052 0.000022 0.000082 55.433400 31.709125 81.116225 74.486818 43.181965 106.679938
0.003693 0.000056 -0.000664 0.000700 16.116223 16.012490 16.218628 182591.219961 177777.817605 187754.422201 0.000050 0.000022 0.000081 55.021550 30.897452 79.971258 81.725030 46.700146 111.311399 0.000048 0.000021 0.000082 55.782955 30.733114 81.707335 76.425025 44.743834 109.863463
0.003961 0.000014 -0.000685 0.000692 15.914041 15.784031 16.055767 173866.065876 167979.128304 180484.708578 0.000054 0.000024 0.000085 56.887994 31.580957 82.586555 80.737368 46.726135 110.357968 0.000058 0.000026 0.000088 55.893062 31.557775 81.296103 74.745704 44.089355 107.948282
0.004262 -0.000062 -0.000686 0.000667 15.847385 15.632205 16.059019 175418.515817 165094.678939 185913.422975 0.000055 0.000024 0.000086 57.850358 33.845543 81.119628 78.611653 44.378011 108.726620 0.000052 0.000025 0.000085 58.118499 32.215820 83.292141 79.450612 44.389942 109.989722
0.004795 -0.000026 -0.000694 0.000656 16.042584 15.550516 16.517149 181479.965001 159930.435901 207827.120270 0.000057 0.000025 0.000085 58.874094 34.437590 81.972265 71.842481 42.116474 106.376264 0.000054 0.000025 0.000084 58.918452 32.977525 83.591408 81.404187 47.058974 111.173131
0.005331 -0.000073 -0.000701 0.000646 14.778431 13.862801 15.799161 143463.165592 109714.201317 198116.326936 0.000052 0.000023 0.000084 59.656148 33.996796 82.234266 74.064968 43.792677 108.814440 0.000056 0.000025 0.000084 55.015329 32.221737 80.869585 78.970594 47.179077 111.236322
0.005680 -0.000047 -0.000700 0.000657 15.684114 14.900084 16.580906 163419.632391 132091.889640 205341.091644 0.000054 0.000023 0.000085 58.643739 31.138516 83.844405 76.470873 44.772622 109.848994 0.000056 0.000025 0.000087 55.353469 31.488313 81.933283 78.554859 45.305340 111.461272
0.006048 0.000011 -0.000709 0.000707 14.001921 13.181717 14.939206 124749.764704 96648.594605 170951.420802 0.000056 0.000025 0.000086 58.613119 33.948728 84.107061 78.905145 45.258455 110.264517 0.000054 0.000024 0.000084 57.676511 32.419500 81.188820 80.640372 45.053585 110.864017
0.006402 0.000015 -0.000694 0.000657 15.093980 14.261141 15.959883 148280.774423 117386.742623 189043.481550 0.000055 0.000024 0.000085 59.472861 32.725529 84.375842 76.910442 44.367663 110.193964 0.000057 0.000024 0.000086 55.668456 31.919781 81.950252 75.529751 44.671540 108.523975
0.006807 0.000035 -0.000638 0.000700 13.761681 13.133364 14.438583 98821.110465 81549.711617 121394.500682 0.000053 0.000023 0.000086 58.209601 33.043226 82.850342 80.000619 47.423930 111.585359 0.000054 0.000024 0.000084 59.359130 32.371920 83.813690 76.111313 44.058873 109.304555
0.007266 -0.000092 -0.000716 0.000649 13.294278 12.718418 14.007155 87009.093155 72298.806469 109474.282441 0.000057 0.000025 0.000087 58.475381 32.115722 82.775650 75.870822 44.437414 110.155203 0.000056 0.000024 0.000084 56.132174 31.052574 82.093541 78.977926 45.987021 109.918966
0.007714 -0.000013 -0.000667 0.000672 15.124940 14.514715 15.821751 149458.573346 124993.009467 185250.750452 0.000055 0.000024 0.000086 57.185832 31.951181 83.812739 77.265073 44.633025 110.199715 0.000053 0.000025 0.000083 56.844224 30.618203 82.227788 77.565114 45.274160 109.291013
0.008193 0.000026 -0.000647 0.000692 13.820457 13.361817 14.317356 85671.742233 75541.449605 97870.902348 0.000055 0.000024 0.000085 56.368524 32.219002 83.341098 74.442452 44.013366 108.374064 0.000058 0.000027 0.000087 57.018838 31.818964 82.755460 76.177022 43.395374 110.262779
0.008732 0.000018 -0.000699 0.000692 14.350427 13.834923 14.874888 110662.299072 95609.932190 129929.243557 0.000055 0.000024 0.000085 57.945680 31.637006 82.184914 79.227033 45.220179 110.533024 0.000051 0.000023 0.000082 61.105857 32.848156 84.923226 76.782662 45.758512 110.263313
0.009329 0.000020 -0.000664 0.000673 12.422261 11.989859 12.902465 61860.561862 53930.991725 72418.236318 0.000052 0.000024 0.000082 56.044018 32.166756 83.830127 77.443954 45.515489 110.967067 0.000056 0.000024 0.000086 59.001876 32.431911 83.667458 76.895461 45.421310 108.764081
0.009972 -0.000130 -0.000737 0.000605 12.370717 11.910833 12.839569 65677.722921 56458.160000 76919.712013 0.000052 0.000023 0.000083 58.002055 31.393969 82.607786 79.744385 45.139522 111.374296 0.000055 0.000024 0.000086 56.744391 31.542366 82.692314 76.953120 44.161671 110.695625
0.010651 -0.000002 -0.000671 0.000679 12.240805 11.830464 12.670683 63397.716427 54692.681778 73764.726997 0.000052 0.000024 0.000084 58.737191 32.990012 82.649306 79.572205 45.141891 110.860200 0.000055 0.000024 0.000085 56.439258 30.911765 83.018538 77.474922 44.339050 111.089455
0.011388 -0.000006 -0.000677 0.000676 11.982876 11.567001 12.417181 61917.157628 53035.378523 74281.224550 0.000055 0.000025 0.000083 57.610819 30.904666 83.676163 81.211174 47.262670 110.661683 0.000055 0.000024 0.000085 57.077973 31.864389 83.070388 76.703644 45.098670 108.716582
0.012192 -0.000018 -0.000702 0.000674 11.978934 11.593891 12.346177 57614.302967 50386.001414 66058.908704 0.000057 0.000025 0.000086 56.715004 31.264053 81.873432 75.597561 44.663144 108.222888 0.000053 0.000023 0.000084 55.909027 30.882700 81.982345 78.712512 46.803010 111.524093
0.013036 0.000023 -0.000655 0.000678 11.716814 11.383734 12.078747 48096.786051 42767.686637 54440.430587 0.000055 0.000024 0.000086 57.478353 32.217316 82.396291 77.644374 44.289421 110.739093 0.000057 0.000025 0.000086 54.639239 30.871031 81.976943 76.961940 44.854180 109.636351
0.013966 0.000010 -0.000640 0.000695 11.439449 11.092240 11.834303 47423.784850 41642.456379 54729.041395 0.000053 0.000024 0.000084 55.808402 30.632810 83.651126 80.390594 46.980589 111.153728 0.000054 0.000025 0.000085 56.011321 31.099499 82.483976 74.053737 43.283553 107.731615
0.014986 -0.000112 -0.000691 0.000635 11.346793 10.989305 11.695388 43596.298184 38357.624704 49945.835817 0.000052 0.000023 0.000084 60.002585 33.178547 83.810560 75.096116 43.678104 106.631733 0.000054 0.000024 0.000086 57.541538 31.934571 82.461748 76.884972 44.871450 108.734464
0.016059 -0.000014 -0.000696 0.000699 10.828708 10.527282 11.127118 34617.539301 30895.527894 38835.305260 0.000054 0.000025 0.000083 55.840583 32.052771 82.360611 80.950537 47.929508 109.905041 0.000055 0.000025 0.000086 59.922288 32.242055 84.975144 80.389666 46.220849 110.469763
0.017222 -0.000007 -0.000656 0.000684 10.128852 9.830636 10.457063 29333.157860 25791.420836 33840.939274 0.000053 0.000023 0.000083 60.526291 32.518308 83.959693 77.982879 45.760539 110.243999 0.000056 0.000025 0.000084 58.417473 32.276310 83.795967 79.544725 45.884691 111.161738
0.018429 0.000038 -0.000638 0.000685 10.251831 9.935496 10.589517 29882.797829 26080.423142 34410.009127 0.000054 0.000024 0.000085 56.138499 31.637672 81.865908 77.907854 46.554323 110.029220 0.000054 0.000024 0.000085 57.728917 32.864048 82.748622 75.777621 43.857456 109.082356
0.019705 0.000035 -0.000667 0.000682 9.651360 9.373251 9.935711 21764.645093 19554.451954 24747.600445 0.000057 0.000025 0.000087 58.740653 32.551149 83.847035 75.912104 44.469222 108.805595 0.000056 0.000025 0.000086 56.414375 31.205284 82.958599 77.659327 45.582665 109.161513
0.021181 0.000000 -0.000672 0.000671 9.236872 8.968154 9.510004 18054.307976 16091.907758 20535.141463 0.000054 0.000023 0.000085 57.153674 31.263923 82.816615 76.748107 45.529788 110.274324 0.000056 0.000025 0.000085 58.336256 30.847137 81.930782 78.353802 43.937270 110.363157
0.022714 -0.000036 -0.000728 0.000640 9.319039 9.058464 9.582868 16656.147872 15001.475248 18535.552394 0.000055 0.000024 0.000085 56.166841 32.602312 82.298080 78.107175 46.652816 109.137053 0.000053 0.000023 0.000086 58.179918 31.305146 83.265590 78.339374 44.047531 111.491799
0.024327 0.000046 -0.000664 0.000690 8.703293 8.449023 8.957117 13753.013588 12216.222524 15396.783224 0.000055 0.000024 0.000085 58.998230 31.184724 84.190180 75.293720 45.413599 108.902376 0.000055 0.000024 0.000085 56.796160 31.942183 82.361183 75.798527 44.102793 108.930970
0.026214 0.000025 -0.000693 0.000685 8.478952 8.178529 8.787151 14063.915991 12211.588405 16452.532221 0.000056 0.000026 0.000086 58.911664 31.389105 82.299514 78.982598 46.200387 109.079571 0.000052 0.000024 0.000084 58.656853 31.957527 84.021917 76.024675 43.985734 109.740154
0.028238 0.000035 -0.000672 0.000700 7.574415 7.291826 7.902988 9083.683174 7665.798248 11012.508848 0.000052 0.000022 0.000084 59.515038 33.625968 84.070653 78.015611 44.799488 108.268913 0.000057 0.000025 0.000086 56.884417 31.378091 82.360513 79.360117 44.711158 111.121294
0.030349 -0.000049 -0.000735 0.000645 7.394745 7.133815 7.662423 7201.855791 6289.146368 8326.508004 0.000056 0.000025 0.000086 56.386890 32.474390 82.257164 77.668435 44.688046 110.060126 0.000056 0.000025 0.000087 56.014468 32.331959 82.431435 78.059213 46.061855 109.118075
0.032869 -0.000038 -0.000671 0.000681 7.812329 7.504655 8.140236 9472.300424 8085.815884 11255.603653 0.000055 0.000024 0.000087 55.710773 32.337794 82.484764 76.662614 44.653810 109.864218 0.000054 0.000024 0.000086 60.738539 33.760986 85.853460 79.730627 48.067826 111.245944
0.035670 0.000017 -0.000666 0.000689 7.305231 6.944890 7.700375 8202.672473 6707.321826 10327.873590 0.000054 0.000023 0.000085 56.039526 32.058178 81.556665 75.660939 44.360576 109.187802 0.000053 0.000024 0.000086 57.423494 32.318112 83.727692 76.684168 44.850894 109.254861
0.038620 -0.000006 -0.000684 0.000665 6.783476 6.479049 7.109244 5131.309974 4303.130511 6203.248982 0.000054 0.000024 0.000086 58.359634 32.730388 83.265850 77.509495 45.766164 108.861213 0.000053 0.000024 0.000084 58.686173 32.215442 83.977848 78.466066 44.810615 111.150173
0.042702 0.000059 -0.000653 0.000726 5.738247 5.400637 6.145996 3294.579717 2557.653375 4500.824667 0.000055 0.000024 0.000086 56.695087 33.122710 81.741138 78.679491 44.730312 109.831328 0.000056 0.000024 0.000086 57.697233 31.451181 82.660992 79.549817 47.760176 110.241719
0.047776 0.000012 -0.000691 0.000689 6.701662 6.197482 7.219707 6796.279925 4968.183900 9994.239708 0.000055 0.000025 0.000086 57.072996 30.987782 82.982011 78.056297 45.093343 110.599306 0.000059 0.000026 0.000087 57.614207 31.939482 83.669412 77.213422 44.723267 109.050353
0.054080 0.000046 -0.000662 0.000691 5.120340 4.771284 5.508418 1618.234493 1229.710692 2178.389022 0.000056 0.000023 0.000086 58.291298 32.123477 83.260197 77.289284 46.595817 110.678569 0.000057 0.000027 0.000086 54.199446 31.386942 82.340589 77.638160 46.097819 109.437267
