0.000050 0.000000 0.000000 0.000000 20.108953 18.008953 22.208954 0.000000 0.000000 0.000000 0.000000 0.000000 0.000000 0.000000 0.000000 0.000000 0.000000 0.000000 0.000000
0.000118 0.000000 0.000000 0.000000 22.743132 21.243132 24.243132 0.000000 0.000000 0.000000 0.000000 0.000000 0.000000 0.000000 0.000000 0.000000 0.000000 0.000000 0.000000
0.000215 0.000000 0.000000 0.000000 19.543285 18.743286 20.343285 0.000000 0.000000 0.000000 0.000000 0.000000 0.000000 0.000000 0.000000 0.000000 0.000000 0.000000 0.000000
0.000367 0.000000 0.000000 0.000000 19.825235 18.925236 20.725235 0.000000 0.000000 0.000000 0.000000 0.000000 0.000000 0.000000 0.000000 0.000000 0.000000 0.000000 0.000000
0.000668 0.000000 0.000000 0.000000 18.808775 18.308775 19.308775 0.000000 0.000000 0.000000 0.000000 0.000000 0.000000 0.000000 0.000000 0.000000 0.000000 0.000000 0.000000
0.002048 -0.000047 -0.000711 0.000648 16.757466 15.338002 18.349928 228975.403150 159857.939598 377021.120304 0.000057 0.000025 0.000087 55.893290 30.759994 82.771310 76.432549 45.456894 109.317806
0.004854 -0.000031 -0.000694 0.000649 14.709200 13.526266 16.157706 135306.390911 94385.897377 203448.900348 0.000054 0.000026 0.000085 57.264429 33.469377 84.359838 77.220876 45.820113 109.527073
0.005899 0.000007 -0.000674 0.000671 13.240156 12.347700 14.288593 72255.330745 54527.531544 101158.343230 0.000057 0.000026 0.000087 54.922015 31.144855 81.305714 75.980037 44.889668 107.881155
0.006501 0.000035 -0.000664 0.000714 15.402968 14.388932 16.616455 131230.007210 101076.290156 179828.633512 0.000055 0.000023 0.000085 58.012747 32.754747 82.293630 74.473041 45.113596 108.929350
0.007149 -0.000019 -0.000686 0.000667 11.645860 10.519116 13.052539 57173.342297 36795.833006 95394.721844 0.000057 0.000026 0.000086 55.444638 30.796765 82.842741 74.976191 43.771090 108.354056
0.007875 0.000067 -0.000658 0.000677 14.154772 12.841013 15.645857 126078.961340 85809.279866 197459.732497 0.000054 0.000023 0.000085 60.638998 33.445326 84.580809 79.426243 47.687307 111.152725
0.008677 -0.000018 -0.000703 0.000673 12.924617 11.995079 13.926978 69387.948377 52510.544225 96897.250347 0.000053 0.000023 0.000086 58.253409 32.013274 82.684425 77.060362 44.526177 109.239864
0.009704 -0.000077 -0.000714 0.000644 9.918918 9.133513 10.732178 23705.591593 17340.022836 33751.590083 0.000055 0.000025 0.000085 58.273060 31.956505 82.479703 76.202350 44.958975 110.025995
0.010929 0.000039 -0.000637 0.000698 12.486680 11.448140 13.766423 73297.507984 52169.783429 117676.657974 0.000056 0.000026 0.000087 56.979686 30.700921 82.362239 75.323193 44.302123 108.691837
0.012080 -0.000061 -0.000705 0.000658 11.789879 11.079523 12.520053 43303.667199 34625.500313 56484.445584 0.000056 0.000024 0.000086 56.819273 30.491080 82.495337 78.228773 47.504990 109.003940
0.013062 0.000023 -0.000666 0.000698 9.978702 9.075615 10.964194 30288.900787 20438.518084 47561.111543 0.000057 0.000026 0.000086 55.890926 31.271305 81.113679 77.281419 45.143816 110.450740
0.013867 -0.000016 -0.000663 0.000654 12.662522 11.747799 13.592097 62191.721479 46922.963850 84911.251657 0.000055 0.000025 0.000086 59.117639 32.666468 84.043819 75.491733 43.989013 111.337007
0.014621 0.000035 -0.000657 0.000683 9.236129 8.357058 10.193592 20091.239662 13642.725014 31235.250736 0.000055 0.000024 0.000085 60.211107 32.433050 83.172525 79.125436 45.317858 109.746789
0.015743 -0.000040 -0.000724 0.000668 10.019756 9.463485 10.707535 22146.152578 17698.311493 28868.571244 0.000055 0.000023 0.000085 58.197209 33.423891 82.665245 77.716194 45.011265 110.121961
0.017089 -0.000018 -0.000698 0.000651 9.167875 8.311163 10.198155 22001.033746 14754.269300 35420.088231 0.000053 0.000023 0.000086 59.463286 33.827856 83.844477 78.648612 45.174914 110.743403
0.018469 -0.000025 -0.000690 0.000663 8.679540 7.954221 9.570086 18116.151188 12396.402392 28801.521654 0.000056 0.000025 0.000086 59.955385 31.671181 84.651924 76.242009 45.266077 109.564321
0.020038 0.000001 -0.000643 0.000690 9.763944 9.025264 10.582746 25143.555840 18272.908044 36893.733121 0.000053 0.000023 0.000085 56.267923 31.437062 81.902779 75.553500 46.592515 107.593469
0.021493 -0.000053 -0.000706 0.000686 8.744148 8.062258 9.517668 15856.565546 11334.319786 23218.579643 0.000053 0.000024 0.000085 58.253529 31.933509 83.135238 77.047388 46.091990 111.157837
0.022913 -0.000040 -0.000724 0.000662 11.097214 10.267291 11.968712 35632.324151 26350.927041 50167.513744 0.000055 0.000024 0.000085 58.293731 32.804787 81.949021 77.868437 44.333329 109.517337
0.024284 -0.000037 -0.000705 0.000680 7.931015 7.378085 8.518594 9356.515339 7198.051404 12565.964907 0.000056 0.000027 0.000086 55.700322 30.482959 82.363955 79.994759 46.626288 111.500163
0.025806 -0.000084 -0.000711 0.000609 8.442491 7.864853 9.106249 12026.461045 9040.697479 16672.964054 0.000055 0.000025 0.000086 59.952547 32.647058 84.277750 77.545262 44.527209 111.261817
0.028049 0.000009 -0.000675 0.000680 7.365542 6.820705 7.967395 7737.543772 5756.603984 11058.169128 0.000058 0.000025 0.000086 55.832118 31.759967 81.660527 77.487574 44.100166 109.833502
0.030960 -0.000090 -0.000736 0.000623 8.420825 7.535321 9.319902 18400.647868 11978.642126 31863.348829 0.000059 0.000026 0.000087 57.522474 31.488364 83.265504 75.745291 46.000883 107.688721
0.035977 -0.000043 -0.000706 0.000635 6.268868 5.821521 6.749330 3686.613775 2766.178780 5004.754536 0.000053 0.000024 0.000083 58.420808 32.557027 83.966935 77.961043 43.956572 110.064473
