0.000032 -0.000040 -0.000711 0.000681 18.312983 17.087542 20.071525 325166.302094 226558.328763 545591.029453 0.000054 0.000023 0.000087 58.728856 32.165964 83.895278 75.955848 44.769936 108.107593 0.000055 0.000024 0.000086 57.037637 32.549879 82.433215 79.100354 48.659543 110.139031
0.000075 -0.000053 -0.000727 0.000648 16.420222 14.939116 17.945036 204922.211910 139241.219971 315419.290620 0.000056 0.000023 0.000087 56.313027 32.419234 82.233076 76.809107 45.680473 107.989222 0.000057 0.000026 0.000087 57.658842 32.723029 83.581504 75.552377 43.031503 107.182709
0.000098 0.000013 -0.000711 0.000682 18.327149 17.249798 19.967354 301917.784262 220074.478964 489321.999320 0.000055 0.000024 0.000087 58.262908 32.643986 82.381936 77.901150 43.843051 109.888885 0.000057 0.000025 0.000086 58.074112 33.166056 83.220484 75.458914 44.748083 109.072840
0.000119 0.000028 -0.000663 0.000702 20.026076 18.701056 21.824305 484728.611638 340473.523696 768079.338953 0.000057 0.000025 0.000086 57.289834 31.510309 83.947002 76.854011 44.701481 109.739349 0.000055 0.000024 0.000086 55.755968 32.187232 81.905854 80.116060 47.993940 110.360698
0.000141 0.000022 -0.000696 0.000677 16.461763 15.307566 17.637137 188878.811864 144895.071797 272692.352389 0.000056 0.000024 0.000086 57.886541 32.792280 82.830972 78.362777 45.518506 110.660028 0.000056 0.000023 0.000088 58.563858 33.227122 82.546070 78.762245 46.762853 109.912886
0.000163 -0.000053 -0.000717 0.000671 18.263031 17.486547 19.270445 294039.172521 235332.167642 397338.559494 0.000059 0.000027 0.000088 59.223318 32.182914 83.606319 74.703340 44.556737 106.858314 0.000055 0.000023 0.000086 60.664061 34.110741 84.877562 75.854821 45.574729 109.180487
0.000180 -0.000000 -0.000701 0.000669 20.998576 19.137624 23.646309 717607.545973 436829.727522 1312682.904055 0.000054 0.000026 0.000087 56.827044 31.184091 83.303733 75.692267 42.441931 110.287276 0.000058 0.000027 0.000086 58.853891 32.734139 82.821177 79.982984 44.779591 111.345086
0.000193 -0.000016 -0.000684 0.000660 18.094196 16.932210 19.547733 309467.769105 220976.686693 492886.041901 0.000055 0.000024 0.000086 56.627058 32.178458 83.361589 73.784589 42.465533 109.191791 0.000053 0.000025 0.000085 59.969507 33.506322 83.441841 77.350724 43.622003 109.506890
0.000208 -0.000087 -0.000729 0.000641 20.376898 18.820387 22.641464 596917.475127 395334.911943 1031339.851451 0.000055 0.000024 0.000086 55.754761 31.842197 82.836903 75.903681 44.839873 109.160653 0.000056 0.000025 0.000087 56.024674 32.169418 81.469042 76.251429 45.012853 109.961063
0.000222 -0.000050 -0.000689 0.000657 20.031922 18.690163 21.583765 513540.079406 362260.610678 771189.347055 0.000056 0.000023 0.000087 57.495749 32.723026 82.570733 77.440727 44.170042 111.492138 0.000057 0.000026 0.000085 59.782618 32.385695 84.230168 77.360120 44.917036 109.951711
0.000238 0.000016 -0.000704 0.000699 19.359108 18.371235 20.584861 430895.221611 337087.598920 617290.168166 0.000057 0.000025 0.000085 58.207071 31.960563 83.751761 76.462200 45.411651 109.051545 0.000053 0.000025 0.000086 59.206288 32.359331 83.364806 76.258110 43.728085 109.151326
0.000256 0.000044 -0.000669 0.000715 19.869747 18.954613 20.896580 456096.885821 354524.056767 597201.828675 0.000055 0.000023 0.000086 55.620435 30.868943 82.303600 78.643630 45.330948 110.318004 0.000055 0.000024 0.000086 59.114506 32.056588 85.221802 74.041906 43.979130 107.147401
0.000274 -0.000036 -0.000692 0.000654 19.393445 18.338542 20.542403 461804.810642 353469.386607 632466.714729 0.000055 0.000025 0.000084 56.507318 30.573286 82.478336 73.868192 43.367902 108.060514 0.000054 0.000023 0.000086 58.495107 31.687355 83.186771 77.571917 46.333620 109.290879
0.000293 0.000027 -0.000657 0.000649 19.858285 19.060777 20.818157 444251.896217 356859.752996 571956.787316 0.000055 0.000025 0.000085 57.549503 31.414486 83.350349 78.335045 44.126580 111.363914 0.000058 0.000027 0.000087 56.709950 30.951605 82.471334 79.013646 46.562554 110.865985
0.000315 -0.000015 -0.000670 0.000643 18.959080 18.176290 19.829586 380005.136572 308574.468523 487263.797899 0.000057 0.000024 0.000086 57.551472 33.004978 83.462162 81.087358 47.100256 111.386081 0.000052 0.000023 0.000085 57.705376 32.524447 82.938616 78.046363 45.123114 110.651459
0.000337 0.000050 -0.000687 0.000724 18.739898 18.077380 19.470643 334477.245301 277051.847500 411346.032598 0.000054 0.000023 0.000086 60.266235 32.727471 82.779818 77.378672 45.126373 109.852023 0.000053 0.000024 0.000084 55.997309 31.222526 81.679375 78.750702 45.209731 110.594901
0.000361 -0.000008 -0.000671 0.000677 18.803422 18.094394 19.565877 353817.064577 296149.405083 432051.793127 0.000058 0.000025 0.000087 57.952446 32.843305 82.182538 81.938606 46.949243 112.573210 0.000055 0.000023 0.000086 57.946934 33.101167 84.325730 78.987054 45.925813 111.453254
0.000387 -0.000020 -0.000675 0.000664 18.837587 18.325194 19.429824 334770.935690 289770.983011 402506.786448 0.000055 0.000026 0.000085 58.985561 31.858125 82.806595 77.984209 45.081186 110.460722 0.000054 0.000023 0.000085 57.772814 31.696812 83.226485 78.243968 45.206996 109.937174
0.000415 0.000058 -0.000699 0.000720 19.002737 18.469882 19.617239 361442.494052 312576.767602 426869.128668 0.000054 0.000023 0.000084 57.880981 32.317154 82.879833 79.138867 45.837587 110.924965 0.000055 0.000025 0.000087 60.256431 33.694240 82.784002 79.987047 46.721635 109.657641
0.000444 0.000012 -0.000700 0.000674 18.537758 17.973023 19.133452 323592.155825 281054.796402 379208.900166 0.000056 0.000024 0.000086 59.823255 32.355930 84.822290 77.832611 46.362072 109.030320 0.000056 0.000023 0.000087 54.375594 30.910370 81.905607 77.753376 45.523430 108.838023
0.000475 -0.000035 -0.000711 0.000675 18.686136 18.076300 19.239645 338316.552932 296035.677594 390283.114437 0.000055 0.000022 0.000085 60.291372 33.983185 84.995089 74.109530 42.998555 108.273634 0.000055 0.000023 0.000087 56.995739 30.657030 82.018182 78.434384 46.191297 110.032838
0.000509 0.000028 -0.000656 0.000693 18.237730 17.787880 18.740417 289432.208644 258817.706446 333181.441215 0.000053 0.000023 0.000085 57.894057 31.839616 82.538931 77.236956 46.119672 109.606656 0.000054 0.000025 0.000085 56.152225 32.072599 81.638883 80.169530 46.837389 108.589171
0.000545 0.000031 -0.000679 0.000716 19.451923 18.966744 19.963674 406268.169899 362945.511482 465394.755489 0.000051 0.000022 0.000083 60.564536 31.619222 84.160873 77.684315 45.299522 110.000751 0.000057 0.000026 0.000087 56.140460 30.522995 83.295895 79.044778 45.270721 110.627571
0.000584 -0.000027 -0.000685 0.000652 17.940596 17.522202 18.367061 269383.935928 243877.801465 301365.193057 0.000055 0.000024 0.000086 58.668124 31.481781 84.606114 78.309485 45.648524 111.096929 0.000054 0.000024 0.000085 60.069584 32.860649 84.349121 79.962237 46.737006 109.801160
0.000626 -0.000003 -0.000709 0.000725 18.958090 18.591037 19.299337 343870.351305 314056.000978 377161.879730 0.000054 0.000024 0.000085 54.585417 30.306433 80.784804 74.828812 44.706029 107.189535 0.000057 0.000025 0.000087 56.678357 30.706800 81.758780 78.324062 45.570761 108.471916
0.000670 0.000054 -0.000639 0.000698 19.152428 18.731541 19.520991 373402.706045 337711.697882 411697.086150 0.000054 0.000024 0.000084 57.764755 32.253099 83.570320 75.891869 44.811844 108.617116 0.000056 0.000026 0.000086 56.915202 31.951158 82.290397 82.861101 47.148763 112.632293
0.000718 -0.000041 -0.000709 0.000680 19.105059 18.775657 19.419577 355043.805338 325798.527778 387057.924987 0.000053 0.000024 0.000084 56.000086 30.511087 82.318430 80.119282 46.634202 110.135081 0.000054 0.000024 0.000084 59.814500 33.933985 84.670935 77.111807 45.580127 108.285221
0.000769 -0.000058 -0.000715 0.000682 18.912632 18.587125 19.224665 345295.013026 320036.794731 374515.428362 0.000054 0.000025 0.000085 60.606594 34.056002 84.151099 77.388021 44.797563 109.932010 0.000052 0.000024 0.000084 55.573842 31.039007 82.610393 76.466704 45.216102 109.308572
0.000823 -0.000015 -0.000660 0.000674 19.020948 18.726204 19.283688 348524.219534 321730.726300 373514.861246 0.000054 0.000023 0.000085 57.075993 32.684848 82.493663 78.694814 45.241217 109.929225 0.000055 0.000023 0.000084 53.821892 30.032714 82.171121 76.986464 47.300293 108.643191
0.000882 -0.000084 -0.000705 0.000631 18.933993 18.637581 19.225345 352097.926532 328074.512522 378596.983130 0.000053 0.000022 0.000086 56.435410 31.818607 83.588886 78.318372 46.587684 110.952236 0.000051 0.000022 0.000085 58.320478 32.414582 84.776601 79.032099 46.880959 109.664188
0.000944 -0.000038 -0.000716 0.000677 18.348357 18.073260 18.648455 309608.568069 290091.240717 332464.663783 0.000058 0.000025 0.000086 58.930707 32.538332 83.717473 77.042046 44.986868 110.633039 0.000057 0.000025 0.000087 56.370099 32.285837 81.535330 76.468736 44.854685 109.745955
0.001011 -0.000044 -0.000712 0.000662 18.647473 18.382602 18.940355 335658.885291 316075.554692 359211.863956 0.000055 0.000025 0.000086 57.920236 32.553668 83.125563 76.106775 42.894887 107.450076 0.000053 0.000024 0.000084 56.936975 31.635199 82.304182 79.673640 46.642560 110.650022
0.001083 0.000038 -0.000684 0.000696 18.676602 18.442441 18.914066 320125.505134 303690.248822 341216.011857 0.000055 0.000025 0.000086 56.674259 30.999721 83.938011 79.092792 45.894820 110.504265 0.000053 0.000025 0.000086 60.194426 33.130268 84.087970 79.259490 44.867180 111.008723
0.001160 -0.000031 -0.000693 0.000667 18.468514 18.240306 18.712094 313370.575118 297697.111566 331636.908031 0.000054 0.000023 0.000085 55.568410 31.515948 81.324314 76.935963 45.687103 108.136787 0.000055 0.000024 0.000084 56.426926 31.896290 82.782916 74.835560 44.387802 107.670126
0.001242 0.000110 -0.000635 0.000713 18.214577 17.974551 18.443541 308868.178277 293320.908825 327440.718206 0.000049 0.000022 0.000080 56.649341 31.980626 82.761622 79.387180 46.895239 111.399638 0.000058 0.000026 0.000087 59.542146 31.989373 83.972506 73.636782 42.603352 106.540303
0.001330 -0.000025 -0.000706 0.000680 18.164579 17.953721 18.353645 290967.245602 278748.597334 304126.594356 0.000054 0.000024 0.000084 54.771898 31.622709 81.930468 77.807853 45.137643 108.028046 0.000050 0.000023 0.000082 53.976921 30.086072 80.879885 81.629174 47.298865 113.129663
0.001425 0.000025 -0.000650 0.000707 18.121300 17.932597 18.316735 282435.397708 270627.600585 295395.522104 0.000050 0.000023 0.000084 59.016204 33.867591 83.533626 73.720790 43.272637 107.495627 0.000049 0.000023 0.000083 58.095719 32.454872 83.143111 79.991425 47.418938 111.191716
0.001526 0.000023 -0.000659 0.000652 18.485006 18.313822 18.671740 310333.441889 297529.344822 324051.815727 0.000054 0.000023 0.000085 55.431504 30.950883 82.178475 74.022560 44.258310 108.537585 0.000054 0.000024 0.000084 57.203773 31.339037 83.595461 77.779308 45.603626 111.418957
0.001634 0.000033 -0.000643 0.000717 17.981491 17.820548 18.142042 286252.628802 275579.140133 297864.683316 0.000051 0.000022 0.000084 57.343759 32.372738 83.556499 76.852735 45.314177 109.700880 0.000047 0.000022 0.000081 57.330560 31.969869 81.670280 77.563440 46.809804 110.349158
0.001750 0.000083 -0.000617 0.000713 18.076199 17.914369 18.226080 281231.405456 271731.515839 291618.760631 0.000054 0.000024 0.000084 52.777694 30.100776 79.843505 75.466954 45.856206 110.196556 0.000052 0.000023 0.000085 56.480809 31.203672 82.437611 78.343407 44.900202 110.333695
0.001874 0.000001 -0.000665 0.000677 17.673921 17.531736 17.817915 264418.771915 255375.178831 273448.612210 0.000053 0.000023 0.000084 56.105193 32.067883 83.156100 80.040505 47.694119 111.581252 0.000062 0.000029 0.000088 60.100393 33.943041 83.000028 72.127584 41.404936 107.847770
0.002007 -0.000017 -0.000700 0.000666 17.873750 17.731894 18.008523 279987.443880 270981.785309 289505.971872 0.000064 0.000032 0.000089 58.429720 33.326510 82.884682 68.597012 40.696812 103.310945 0.000051 0.000023 0.000084 52.733178 28.233524 79.597936 80.552109 47.263736 110.466557
0.002149 -0.000012 -0.000675 0.000676 17.817801 17.692343 17.948495 275051.113614 266804.283909 284443.287401 0.000065 0.000035 0.000090 60.258331 33.132968 84.014876 71.071050 40.945298 103.762104 0.000049 0.000021 0.000082 57.714084 31.124107 83.192444 76.818759 46.872517 109.409884
0.002301 -0.000020 -0.000702 0.000676 17.474198 17.352829 17.598375 251906.834930 244486.178819 259553.838251 0.000050 0.000022 0.000083 57.606061 32.674027 81.537127 81.769176 47.549787 110.910425 0.000051 0.000022 0.000082 56.994349 31.912523 81.983126 75.386789 45.967317 107.658350
0.002464 -0.000011 -0.000688 0.000680 17.387935 17.281263 17.499338 248645.742202 242131.756065 255398.002995 0.000053 0.000023 0.000085 58.110538 32.178025 84.359367 75.177468 44.837600 108.429192 0.000050 0.000021 0.000083 53.163326 30.246615 80.922924 78.076361 45.371995 108.875866
0.002639 0.000003 -0.000680 0.000674 17.218805 17.119697 17.326408 237038.988735 231174.104468 243030.318113 0.000052 0.000023 0.000083 54.788932 30.270940 80.978194 81.445489 48.233154 112.045776 0.000062 0.000029 0.000088 58.736185 32.813402 83.907281 64.654074 39.719945 101.685787
0.002826 -0.000036 -0.000721 0.000675 16.925899 16.828548 17.022869 224236.532201 218833.874130 229830.189955 0.000048 0.000021 0.000081 54.239716 31.037093 81.111640 76.714111 43.533004 110.807478 0.000050 0.000023 0.000084 55.331368 30.098128 81.756380 76.258111 44.475469 108.050303
0.003027 -0.000026 -0.000650 0.000686 16.967457 16.871615 17.066076 228758.003523 223134.829782 234541.905747 0.000044 0.000019 0.000079 54.788352 29.709009 82.530133 79.147380 45.557720 109.201447 0.000050 0.000023 0.000082 55.263372 30.637618 82.665863 70.449307 43.499682 105.771262
0.003241 0.000007 -0.000668 0.000676 16.583687 16.495106 16.673809 206229.189336 201478.689279 211113.724688 0.000047 0.000021 0.000080 54.929496 30.116551 81.391867 77.401703 46.383605 108.499442 0.000045 0.000021 0.000078 52.121258 30.439885 80.474664 78.412166 43.913795 108.455158
0.003471 0.000063 -0.000628 0.000701 16.536565 16.443482 16.626562 203451.206339 198838.198669 208267.762943 0.000049 0.000022 0.000083 56.999301 30.864919 83.854731 74.929087 41.866264 107.460140 0.000046 0.000021 0.000079 55.668708 30.998169 82.425296 74.061889 44.126942 107.964662
0.003719 -0.000004 -0.000673 0.000649 16.031882 15.936992 16.127641 182028.965249 177302.286992 186584.939094 0.000050 0.000021 0.000083 54.684117 30.192317 81.003297 76.704738 46.076797 109.598756 0.000052 0.000021 0.000084 57.500628 32.083353 82.711555 78.224646 46.189199 109.806309
0.003987 0.000063 -0.000645 0.000740 15.798802 15.662794 15.931268 172247.153253 165749.229941 178633.446517 0.000052 0.000022 0.000083 57.394938 31.942409 83.427268 78.359615 47.132018 110.685915 0.000053 0.000023 0.000083 57.677215 32.028972 82.473749 76.076238 44.386515 109.744069
0.004358 0.000001 -0.000681 0.000682 15.333571 15.087751 15.588549 157938.983727 147301.019549 169824.026527 0.000052 0.000022 0.000086 55.468520 31.285300 81.270946 79.586310 45.980664 109.567610 0.000054 0.000024 0.000085 56.640365 30.931504 83.541872 78.711792 45.880157 109.924361
0.004919 0.000009 -0.000691 0.000704 15.563025 14.931842 16.295881 173445.935381 144902.841274 212547.641137 0.000056 0.000026 0.000085 61.754169 33.401786 85.009765 77.375217 44.408993 108.890983 0.000056 0.000027 0.000087 58.622217 32.962531 83.438071 80.305960 45.584326 110.883977
0.005398 0.000062 -0.000675 0.000699 15.928937 14.958329 16.904273 181723.173887 143432.046754 240926.315383 0.000052 0.000023 0.000084 54.825990 31.525373 82.867017 77.851308 44.996551 110.524922 0.000053 0.000024 0.000086 53.767746 30.995182 82.075776 76.112300 43.738760 108.801722
0.005714 0.000055 -0.000656 0.000682 14.877845 13.934672 15.905988 148877.989162 114796.614277 204770.224622 0.000052 0.000024 0.000083 57.702367 32.066201 84.391700 77.261927 45.470805 110.134625 0.000057 0.000026 0.000086 58.358618 31.986455 82.683152 74.809184 44.466141 106.898134
0.006076 0.000056 -0.000622 0.000715 15.476747 14.702292 16.310052 152082.659078 124158.208191 192038.583695 0.000052 0.000024 0.000086 56.139232 31.209004 81.444035 74.890540 44.554774 108.044519 0.000057 0.000025 0.000086 56.899685 32.099287 83.040957 79.437077 45.969197 109.601126
0.006452 -0.000079 -0.000756 0.000637 15.310989 14.636227 15.994579 125931.848985 105955.874783 150663.851035 0.000053 0.000024 0.000084 56.945975 30.666120 82.933562 74.489176 41.682037 109.263028 0.000058 0.000025 0.000087 54.613442 30.167028 82.641965 78.186679 46.272620 108.478243
0.006834 0.000012 -0.000683 0.000678 14.878746 14.238825 15.513736 122857.416822 103783.593781 148926.086327 0.000056 0.000024 0.000087 57.663083 31.850289 83.732801 77.924380 44.732544 109.723770 0.000054 0.000025 0.000086 59.079541 32.914725 84.964536 75.955917 44.510089 110.846647
0.007262 0.000030 -0.000638 0.000715 13.654827 13.040409 14.368496 104143.857122 85892.844006 131753.786601 0.000052 0.000023 0.000084 57.936051 31.323397 83.273312 73.045799 43.767192 111.303319 0.000056 0.000027 0.000087 55.035211 30.702984 83.185247 77.501266 44.077186 109.651834
0.007703 0.000010 -0.000706 0.000679 13.157017 12.615123 13.754375 86165.367669 72367.293639 105193.435972 0.000056 0.000025 0.000085 56.037027 31.242924 83.154581 79.225812 44.683500 110.392406 0.000057 0.000025 0.000086 57.845308 31.748538 84.347504 77.482173 45.422763 109.130687
0.008213 0.000049 -0.000642 0.000718 13.147542 12.649238 13.639731 81038.801249 69160.977749 95247.819012 0.000055 0.000025 0.000086 57.375953 33.009613 83.340429 76.370115 44.897694 110.094057 0.000052 0.000023 0.000083 58.688736 32.959804 83.177664 77.889452 45.994279 110.993989
0.008786 -0.000072 -0.000709 0.000646 12.815068 12.327042 13.302177 69633.240748 60325.269690 81065.627464 0.000057 0.000025 0.000088 56.490366 31.628795 82.148879 76.642369 44.715681 110.005824 0.000056 0.000026 0.000084 57.624796 31.651124 83.129085 71.714129 43.510441 106.954959
0.009382 0.000013 -0.000648 0.000684 13.142991 12.703321 13.615146 74663.596648 65330.930971 85882.278084 0.000053 0.000023 0.000083 55.568715 32.021135 81.342539 75.186689 43.680430 108.684652 0.000055 0.000026 0.000086 59.042088 33.256776 83.907828 76.114507 44.513346 109.588280
0.010043 -0.000038 -0.000730 0.000694 12.958605 12.497246 13.400409 81616.464902 70389.561120 95966.504908 0.000057 0.000025 0.000086 58.558016 33.166981 84.715323 80.454101 46.487958 111.437837 0.000052 0.000024 0.000084 56.294011 30.411368 81.286976 75.607870 45.114441 110.180987
0.010731 0.000017 -0.000682 0.000672 12.839520 12.463002 13.229724 65833.480263 59202.699285 74001.700896 0.000056 0.000025 0.000085 57.987624 32.135395 84.907089 76.702343 43.600017 108.975072 0.000056 0.000024 0.000086 55.780378 32.083126 82.365694 77.635516 46.075662 109.172874
0.011439 0.000050 -0.000661 0.000691 12.857611 12.452237 13.313499 78721.327880 68081.155884 91739.481059 0.000056 0.000024 0.000087 57.532934 32.283110 83.970347 74.176377 44.593880 107.009554 0.000053 0.000024 0.000083 53.390378 29.722351 80.810863 79.116259 44.271172 110.418854
0.012266 -0.000059 -0.000695 0.000650 12.426666 12.096074 12.813368 60066.692065 53675.398429 67798.716447 0.000056 0.000025 0.000086 58.091113 32.047764 83.167057 75.272672 45.813614 109.338941 0.000056 0.000025 0.000085 54.104303 30.332524 81.551163 74.508063 43.615977 109.651233
0.013121 0.000064 -0.000670 0.000714 11.346819 11.009458 11.673050 40021.374553 35550.289647 44776.971720 0.000055 0.000026 0.000085 56.439005 31.197189 82.162600 76.765089 44.863141 110.219509 0.000052 0.000023 0.000082 59.222482 32.937100 83.450423 76.855358 44.189546 108.379376
0.014014 0.000063 -0.000667 0.000706 11.063916 10.713412 11.428383 41989.450675 36555.567026 48434.054640 0.000057 0.000025 0.000086 58.225189 31.378097 82.988669 79.852261 45.728297 108.940532 0.000055 0.000025 0.000085 57.185969 31.543639 82.041701 79.130058 44.897253 111.737940
0.015040 -0.000013 -0.000663 0.000672 10.804209 10.468745 11.129217 34885.718143 30929.983898 39641.683141 0.000052 0.000023 0.000084 57.040967 32.172240 82.205094 81.187568 46.944206 111.165894 0.000056 0.000024 0.000086 57.326324 30.508417 83.875777 75.400005 45.874819 107.637339
0.016089 0.000042 -0.000640 0.000692 10.626107 10.328583 10.948988 32144.236150 28818.354803 36463.602971 0.000060 0.000026 0.000088 54.959801 31.685633 82.309045 76.249456 44.993239 110.130342 0.000056 0.000025 0.000087 57.955153 31.736794 83.495969 76.620250 46.122690 110.025007
0.017238 -0.000013 -0.000686 0.000653 10.325268 10.037846 10.636094 26738.646370 23926.023496 29810.089189 0.000056 0.000025 0.000086 54.786743 30.196422 82.800679 75.603443 44.564478 107.889905 0.000059 0.000027 0.000088 58.496747 33.057952 83.970178 77.131501 43.480089 110.129048
0.018479 0.000016 -0.000665 0.000677 10.270488 9.960832 10.566041 27362.012042 24424.920375 30899.369433 0.000054 0.000024 0.000086 60.401006 33.050415 83.045005 79.926211 45.635773 111.145538 0.000055 0.000025 0.000087 58.085787 33.008048 83.298967 79.252342 45.480613 110.486136
0.019760 -0.000106 -0.000739 0.000616 8.901122 8.650874 9.169096 15785.536314 14025.851817 17767.500087 0.000058 0.000026 0.000086 57.919578 31.344579 83.026677 80.062937 46.077852 112.288354 0.000059 0.000025 0.000086 58.700356 32.869378 83.929823 77.972702 45.619789 109.028787
0.021235 -0.000047 -0.000709 0.000688 9.376899 9.084323 9.681830 20158.879611 17813.985636 23060.996293 0.000055 0.000025 0.000083 60.329128 33.184351 84.553496 79.276518 45.793261 110.677612 0.000054 0.000023 0.000085 60.001123 33.462525 83.706942 77.714867 47.110222 109.643432
0.022764 0.000038 -0.000673 0.000723 8.779690 8.457443 9.087514 16456.976501 14274.790713 19207.056959 0.000055 0.000025 0.000085 60.286155 32.622163 83.922701 77.766619 46.567397 110.180128 0.000056 0.000026 0.000087 59.068217 31.763049 84.023541 76.241378 45.502151 110.609208
0.024375 0.000047 -0.000669 0.000695 8.644798 8.391047 8.917921 13635.338507 12163.556143 15454.414910 0.000053 0.000025 0.000084 54.595815 30.868706 81.556474 75.551780 44.209621 109.780458 0.000054 0.000025 0.000085 55.013595 30.554618 83.218544 78.882697 46.756857 110.024425
0.026259 -0.000003 -0.000668 0.000680 8.633119 8.345600 8.933717 13772.262492 12007.886986 15695.007815 0.000056 0.000026 0.000087 57.027099 32.858239 83.123277 78.952594 45.725986 107.539589 0.000050 0.000022 0.000083 57.917692 31.949086 83.512410 77.429593 46.189597 110.165614
0.028264 -0.000003 -0.000676 0.000665 7.897219 7.617178 8.193273 9272.289250 8141.411475 10820.181452 0.000057 0.000027 0.000087 55.859646 31.551874 81.751311 80.955888 46.696514 111.110479 0.000057 0.000025 0.000086 58.279221 32.578273 82.460012 75.287960 47.046763 109.649993
0.030361 -0.000034 -0.000719 0.000685 7.681575 7.347304 7.995497 10079.502847 8458.487200 12260.929535 0.000052 0.000024 0.000084 58.079858 32.948567 83.233475 75.680082 44.682100 109.289929 0.000053 0.000024 0.000085 57.543004 31.800915 82.654469 76.510162 45.185600 110.279869
0.032831 -0.000013 -0.000665 0.000653 7.285967 6.974573 7.603481 7685.259153 6474.508266 9245.093795 0.000055 0.000025 0.000085 58.564273 33.132380 83.424800 76.730177 45.673981 108.822177 0.000055 0.000023 0.000087 58.071442 32.257833 83.117621 78.088586 46.988957 108.668788
0.035666 0.000025 -0.000668 0.000697 7.179030 6.883771 7.507397 6702.756802 5633.598289 7961.232166 0.000054 0.000023 0.000086 55.706037 30.581550 83.139234 79.384057 47.438876 111.722125 0.000052 0.000023 0.000084 59.445217 32.152301 83.275580 76.882116 44.968399 109.252595
0.038637 0.000052 -0.000676 0.000711 7.193564 6.909591 7.501975 5990.382502 5118.320731 7074.940694 0.000054 0.000024 0.000087 59.288270 32.604711 83.530556 75.409825 45.013750 108.079994 0.000053 0.000023 0.000085 57.909921 32.798399 83.079237 78.507652 45.912481 109.493529
0.042636 0.000021 -0.000663 0.000649 6.780952 6.421425 7.164118 5619.437852 4553.462654 7239.105660 0.000053 0.000023 0.000086 58.857876 33.477262 84.507221 76.304019 43.673936 110.777685 0.000057 0.000025 0.000086 55.100252 31.140843 81.798693 75.476498 43.433457 110.280869
0.047647 -0.000033 -0.000715 0.000685 6.153184 5.808444 6.522125 3453.462973 2769.117205 4443.124962 0.000055 0.000024 0.000086 58.035399 32.572473 82.081210 75.435880 43.834514 108.889309 0.000052 0.000024 0.000085 56.064293 30.859917 83.237613 79.921413 45.658227 110.067006
0.054068 -0.000005 -0.000699 0.000698 6.134977 5.728051 6.593386 3622.772830 2736.607105 4956.005122 0.000053 0.000023 0.000083 56.207953 32.208521 82.244920 78.582414 44.503832 109.803965 0.000058 0.000026 0.000087 56.452551 30.872456 80.110197 78.371857 45.407010 110.881702
