0.000032 0.000059 -0.000664 0.000705 16.126812 15.095639 17.082068 156313.544429 120599.382734 206383.178360 0.000057 0.000025 0.000086 56.614646 32.603587 82.748775 78.825079 45.833256 109.186780 0.000055 0.000025 0.000086 60.372314 34.204348 84.774037 78.514344 45.033482 110.769427
0.000075 -0.000004 -0.000678 0.000686 19.319413 18.050533 21.070370 419663.214026 299498.565773 664695.266321 0.000056 0.000026 0.000087 55.103955 30.344666 81.498513 76.907101 44.079797 109.494518 0.000055 0.000025 0.000085 56.263025 32.837980 83.033647 78.674937 44.537757 110.200604
0.000098 -0.000025 -0.000721 0.000698 19.425637 17.811211 21.726523 498628.047831 310158.750403 921091.789425 0.000056 0.000025 0.000087 60.699392 33.340815 85.302620 78.242362 46.068776 110.547709 0.000055 0.000024 0.000085 57.317057 31.732213 82.366937 73.075706 43.985081 107.362157
0.000119 -0.000068 -0.000721 0.000679 17.306297 16.134893 18.565189 244129.774141 183547.361076 355700.420535 0.000052 0.000022 0.000083 57.649396 31.779012 83.786921 76.342204 45.267652 110.114087 0.000057 0.000024 0.000086 56.494195 31.981469 82.415304 75.785328 42.871659 109.455825
0.000141 -0.000028 -0.000654 0.000636 19.097000 17.944605 20.637583 378866.560292 276299.574299 585732.718844 0.000056 0.000025 0.000085 57.609997 32.631611 82.139154 80.947479 45.583549 111.724307 0.000054 0.000024 0.000084 59.419017 32.160833 84.552298 75.091593 43.804228 108.069068
0.000163 0.000009 -0.000640 0.000653 19.374060 18.387808 20.775358 391605.874474 294812.435518 570614.385748 0.000053 0.000023 0.000082 56.845845 31.023277 82.693527 79.513001 46.551227 110.281281 0.000055 0.000024 0.000087 56.929630 31.998726 83.735544 80.091404 47.391680 111.007556
0.000180 0.000004 -0.000681 0.000699 19.162856 17.797209 21.316234 406745.396785 275552.575829 731629.912562 0.000056 0.000024 0.000086 59.443180 32.089887 84.501549 78.367680 46.730290 111.788957 0.000055 0.000025 0.000086 59.309981 32.198426 83.396669 74.273508 44.180476 106.177678
0.000193 -0.000046 -0.000708 0.000658 17.448209 16.382858 18.534777 241014.411523 185336.780095 343300.205826 0.000055 0.000024 0.000085 57.447021 31.537598 82.954555 82.311666 47.315422 113.238626 0.000056 0.000025 0.000087 57.384895 33.480444 83.087419 78.272368 44.918614 110.264688
0.000208 -0.000034 -0.000738 0.000649 18.892611 17.800741 20.353096 360031.577252 258486.675463 542209.928783 0.000053 0.000025 0.000085 58.131576 32.511523 84.415925 77.945234 45.263798 108.055507 0.000056 0.000025 0.000087 55.091209 31.112475 82.188536 80.169184 45.355632 110.375449
0.000222 0.000062 -0.000659 0.000732 19.124103 18.054464 20.626709 390538.431782 288250.461675 600528.566672 0.000055 0.000025 0.000088 57.907189 32.330071 82.288444 78.423972 45.900533 110.686092 0.000054 0.000025 0.000086 57.799212 32.051389 82.414112 76.721770 45.331700 109.982415
0.000238 0.000002 -0.000680 0.000691 19.626735 18.694875 20.964666 437092.315220 338260.633895 631235.785536 0.000054 0.000023 0.000087 57.215349 31.947068 82.855425 78.382982 45.267444 110.321842 0.000056 0.000026 0.000084 57.187452 31.207087 82.977444 81.133244 45.867148 111.004009
0.000256 -0.000002 -0.000663 0.000694 18.733457 17.820992 19.662928 357870.143358 285897.833222 465874.438237 0.000056 0.000025 0.000086 54.347945 31.211385 82.933909 76.954004 42.251857 110.420540 0.000055 0.000023 0.000085 55.946809 31.743752 82.424575 75.920610 43.829642 108.945039
0.000274 0.000055 -0.000684 0.000701 18.614877 17.840107 19.554645 330805.065857 270128.181627 428673.782673 0.000057 0.000026 0.000086 56.909395 31.788840 82.484174 75.359876 44.374261 108.294781 0.000051 0.000022 0.000084 57.562843 32.290682 83.064688 79.434887 46.106837 112.083920
0.000293 -0.000010 -0.000697 0.000674 19.796927 18.926357 20.886649 479427.521611 375634.258802 633903.549884 0.000056 0.000025 0.000085 59.997578 32.882860 82.055115 78.870235 45.564072 109.342450 0.000054 0.000023 0.000085 57.674804 32.386114 83.048641 78.111587 45.251356 109.614744
0.000315 0.000050 -0.000627 0.000705 19.188850 18.438004 20.016949 378890.207536 312910.730120 480164.398672 0.000057 0.000025 0.000086 58.661440 32.492972 82.952316 75.994480 45.419262 106.635452 0.000054 0.000024 0.000085 56.379288 31.264871 83.762607 76.595524 44.260927 110.823981
0.000337 0.000038 -0.000676 0.000659 17.054918 16.210933 17.910898 257102.194253 204924.019960 330492.191766 0.000053 0.000023 0.000085 56.911630 31.287561 82.663393 78.855271 47.655468 109.516178 0.000059 0.000025 0.000087 56.438025 31.595353 83.306409 77.768691 45.773955 109.024241
0.000361 0.000040 -0.000656 0.000695 18.784816 18.039796 19.570986 366109.132471 306321.334102 452115.417023 0.000055 0.000024 0.000085 58.514828 31.924182 83.260979 78.729601 46.686720 111.804681 0.000055 0.000024 0.000086 57.486222 31.995456 82.784050 76.391512 44.592747 109.609481
0.000387 -0.000027 -0.000701 0.000655 18.960444 18.342678 19.629998 357121.306722 302955.770952 430333.150003 0.000058 0.000027 0.000085 56.192959 31.287565 82.413727 79.807145 45.830046 110.354679 0.000057 0.000024 0.000086 57.397391 32.376951 82.198969 77.836931 45.534205 109.409885
0.000415 0.000052 -0.000673 0.000701 18.808798 18.318237 19.378803 332691.271578 292439.671103 387665.747924 0.000056 0.000024 0.000087 55.941063 32.537660 81.378419 74.992511 45.311360 109.504974 0.000056 0.000025 0.000086 58.256718 31.197833 84.086864 75.877531 45.225987 107.773781
0.000444 0.000017 -0.000638 0.000703 19.087903 18.509918 19.697627 374340.742084 326367.935442 441516.380867 0.000055 0.000024 0.000086 57.330409 32.782046 82.378395 73.032435 43.340780 107.864055 0.000055 0.000025 0.000085 57.031154 31.087733 83.713504 76.712234 45.719679 109.398052
0.000475 -0.000012 -0.000698 0.000679 18.185299 17.721493 18.637562 280237.990271 249917.434820 317979.420460 0.000053 0.000023 0.000085 58.233458 33.392653 83.788328 80.339454 47.024197 111.818646 0.000055 0.000024 0.000086 57.442159 31.342569 82.907837 73.353215 45.425637 105.610796
0.000509 0.000038 -0.000667 0.000717 19.033706 18.611494 19.492799 351174.019647 313213.408902 400455.591432 0.000058 0.000027 0.000087 57.231090 31.291152 84.239547 79.644718 47.998830 111.116997 0.000055 0.000024 0.000086 56.621575 32.391658 81.614595 79.929905 48.194917 110.392428
0.000545 -0.000066 -0.000707 0.000658 19.285582 18.871304 19.769211 379322.889540 338809.804525 431321.886295 0.000055 0.000025 0.000083 57.087192 33.590334 84.226666 79.499525 45.418973 111.155896 0.000054 0.000023 0.000087 56.613864 30.829737 83.503395 78.026478 46.266583 110.340814
0.000584 0.000076 -0.000661 0.000751 18.771391 18.458837 19.137505 323192.786367 293763.251940 358117.352188 0.000055 0.000023 0.000085 55.497859 30.344308 81.286219 78.908518 44.754464 110.295568 0.000055 0.000025 0.000085 61.828711 33.872129 85.144548 77.654940 45.859021 110.409037
0.000626 0.000142 -0.000603 0.000728 19.059007 18.684871 19.424334 355891.665070 323091.440413 395554.874750 0.000056 0.000025 0.000085 55.145263 30.481102 83.363012 77.285017 44.595390 109.492222 0.000054 0.000024 0.000087 57.342457 31.424437 84.227088 76.322552 44.104138 107.810319
0.000670 0.000055 -0.000637 0.000740 19.264350 18.927386 19.635875 376948.057662 346153.224436 414884.078883 0.000057 0.000027 0.000087 57.795690 31.894289 82.436052 75.038574 42.419575 108.468042 0.000059 0.000026 0.000087 55.861062 32.168888 83.024861 75.881056 44.030218 107.594928
0.000718 -0.000027 -0.000655 0.000668 18.270656 17.937705 18.584085 283845.425184 261305.075343 309092.105816 0.000056 0.000026 0.000086 57.262731 31.457870 83.419459 73.782961 44.407812 108.615002 0.000055 0.000025 0.000086 57.612317 32.842923 83.891853 80.884144 47.429537 112.047018
0.000769 0.000014 -0.000668 0.000691 18.470600 18.169860 18.785174 302999.013338 282276.887533 327376.064595 0.000057 0.000026 0.000087 56.778876 32.221417 83.244739 80.165496 44.732297 111.877715 0.000054 0.000024 0.000085 58.408675 33.347476 84.392863 78.387525 45.830391 109.563524
0.000823 0.000001 -0.000705 0.000696 18.861483 18.597263 19.144331 331490.658005 310002.166370 358797.925175 0.000054 0.000025 0.000084 56.365187 31.295812 81.980065 77.884311 45.681851 111.228700 0.000052 0.000023 0.000085 54.586163 31.184033 81.072359 77.554152 46.495185 109.208839
0.000882 0.000005 -0.000669 0.000663 18.470299 18.141249 18.792016 322534.333555 297920.570316 348369.023299 0.000057 0.000024 0.000086 58.906284 33.659872 82.368266 78.856376 45.614339 109.755436 0.000054 0.000026 0.000086 55.666104 31.666834 81.812942 75.753215 43.527651 110.017523
0.000944 -0.000050 -0.000686 0.000661 19.184170 18.919886 19.437456 366218.942729 341218.629084 390808.507247 0.000053 0.000024 0.000084 56.694009 31.562849 83.662876 76.730311 44.283151 110.607639 0.000051 0.000022 0.000084 58.409086 32.217221 83.330965 80.805087 46.927368 110.559001
0.001011 -0.000018 -0.000706 0.000688 18.522030 18.258137 18.799111 321358.828813 302469.241794 342719.214684 0.000055 0.000024 0.000085 56.480602 31.002059 82.275836 74.244379 45.294547 109.071402 0.000052 0.000024 0.000084 55.003558 31.115141 81.067992 79.280841 46.390388 110.493084
0.001083 -0.000002 -0.000680 0.000663 18.530252 18.298128 18.748399 306327.434592 289614.337562 324278.010961 0.000052 0.000023 0.000083 58.326584 31.902882 83.764405 79.333645 45.247399 108.585591 0.000054 0.000025 0.000085 56.680758 31.574702 82.807059 77.608607 45.516620 109.900989
0.001160 -0.000041 -0.000671 0.000656 18.705171 18.447342 18.964312 332997.320738 314038.651916 354457.336576 0.000056 0.000025 0.000085 56.166118 31.087109 82.285413 79.053937 46.258878 110.171365 0.000069 0.000037 0.000090 59.653488 35.138904 84.185473 69.806991 41.182636 106.311994
0.001242 0.000057 -0.000680 0.000714 18.582864 18.363983 18.774781 306404.515801 292211.220679 322594.444163 0.000052 0.000022 0.000084 56.265681 31.383413 82.028819 74.959665 43.545258 106.060656 0.000056 0.000023 0.000087 55.116921 29.801537 80.554987 73.109886 45.009840 108.255284
0.001330 -0.000095 -0.000710 0.000616 18.087217 17.898728 18.292961 286872.555735 273644.308635 300214.046158 0.000053 0.000023 0.000085 57.191570 30.954593 83.935881 74.044043 44.841323 107.333253 0.000053 0.000024 0.000085 57.977740 30.678267 83.094345 77.499858 45.400945 109.707904
0.001425 -0.000013 -0.000704 0.000671 18.320470 18.140275 18.508328 292158.119810 279649.865815 305245.181583 0.000054 0.000023 0.000083 54.843756 31.882174 80.873180 76.855701 45.066528 109.549249 0.000054 0.000024 0.000084 57.180173 31.301308 81.763462 79.499560 47.073314 111.630125
0.001526 -0.000003 -0.000652 0.000686 18.320637 18.149534 18.506875 300132.103452 287527.381917 313515.060245 0.000050 0.000023 0.000085 58.829328 33.838670 82.778375 81.738996 47.371040 111.926011 0.000054 0.000024 0.000086 57.324679 31.667456 82.434204 77.249017 45.568879 108.171102
0.001634 0.000034 -0.000714 0.000700 18.190191 18.022578 18.348872 286884.482135 276236.159747 298357.366111 0.000054 0.000024 0.000085 57.364457 33.365871 82.479683 75.374814 43.245885 110.146160 0.000051 0.000023 0.000084 56.239633 32.596161 83.289607 76.396471 44.957878 109.017263
0.001750 0.000014 -0.000661 0.000714 17.950420 17.803353 18.114216 277234.068849 267862.658131 288303.647390 0.000052 0.000024 0.000085 57.696585 32.213735 83.256589 83.825448 48.447491 113.072851 0.000059 0.000030 0.000087 56.936505 32.437127 81.888574 67.144572 40.092703 104.297783
0.001874 -0.000023 -0.000698 0.000667 17.838371 17.693161 17.974998 273735.306565 265041.636608 283475.516895 0.000051 0.000021 0.000084 56.803599 32.293236 82.909868 76.394979 44.650145 109.037942 0.000050 0.000021 0.000082 56.174394 32.219689 82.286950 75.011101 43.723590 107.641027
0.002007 0.000050 -0.000684 0.000714 17.792684 17.659610 17.931956 264817.629276 256805.712934 273646.905101 0.000051 0.000023 0.000082 55.632614 31.517957 81.646789 76.394479 44.575054 110.140783 0.000049 0.000022 0.000082 54.840394 30.066530 82.249186 78.506827 45.383523 108.903809
0.002149 0.000080 -0.000634 0.000724 17.780714 17.658519 17.904746 266372.742620 258270.777362 274214.536885 0.000049 0.000022 0.000082 57.814000 32.380046 83.189628 74.314301 41.673659 109.334584 0.000049 0.000021 0.000082 54.375490 30.457296 80.421103 77.508758 45.238076 109.482665
0.002301 -0.000029 -0.000687 0.000671 17.295347 17.178210 17.413655 241329.888550 234231.059987 248266.150636 0.000048 0.000022 0.000081 56.749039 30.599182 82.823005 75.001863 43.525419 109.757624 0.000052 0.000022 0.000083 56.120747 32.007691 81.206811 74.748491 43.544873 108.003724
0.002464 0.000019 -0.000661 0.000698 17.178162 17.071475 17.290489 238535.865911 231987.904658 245576.666794 0.000049 0.000022 0.000083 53.658814 30.970371 81.881932 73.441438 45.146544 107.143659 0.000050 0.000022 0.000082 55.284461 31.725517 82.733741 74.908580 45.344543 108.292178
0.002639 0.000055 -0.000681 0.000717 17.352693 17.242663 17.450467 243364.678532 237276.523130 249864.623700 0.000052 0.000023 0.000084 52.121783 29.395748 78.514512 80.849647 47.326067 109.274877 0.000064 0.000032 0.000089 61.751967 35.418153 85.931947 66.862734 40.187711 102.389876
0.002826 0.000084 -0.000675 0.000734 16.820334 16.721888 16.926473 219309.925088 213776.385825 225213.964034 0.000047 0.000021 0.000081 54.138838 31.064535 81.595923 77.362502 44.264087 110.309243 0.000048 0.000021 0.000083 55.232374 31.148223 81.746049 74.628756 44.903855 108.162384
0.003027 -0.000092 -0.000735 0.000652 16.963979 16.872187 17.053499 221440.578149 216493.083582 226644.526115 0.000044 0.000020 0.000078 56.423534 30.855696 83.340826 77.252120 44.896970 108.882203 0.000045 0.000021 0.000078 55.030763 31.141776 81.114441 73.811774 44.454181 107.765622
0.003241 0.000013 -0.000629 0.000687 16.588458 16.499593 16.684932 206923.891461 202505.655856 212147.031338 0.000047 0.000022 0.000081 55.039892 31.126926 82.634984 76.320532 44.441187 110.088224 0.000047 0.000020 0.000082 55.970586 30.719877 82.506436 69.848428 42.052954 104.020403
0.003471 0.000039 -0.000665 0.000700 16.291660 16.205604 16.382722 192356.616897 188239.690119 197079.042333 0.000050 0.000021 0.000083 56.295783 31.343929 81.627566 73.598787 44.554438 107.244067 0.000051 0.000022 0.000082 56.843032 32.322097 82.139564 73.948321 42.467583 108.793245
0.003719 0.000044 -0.000643 0.000695 16.195880 16.089393 16.293421 187584.091998 182358.772309 192654.660350 0.000048 0.000021 0.000082 55.216465 31.068541 81.509641 75.161034 44.222028 108.378355 0.000049 0.000021 0.000083 51.298235 29.934421 78.272068 74.083954 42.220809 107.801624
0.003987 0.000011 -0.000715 0.000685 15.933146 15.793477 16.077671 181348.319011 174316.389616 188724.803455 0.000051 0.000023 0.000082 57.288014 32.061757 83.350516 77.924289 45.883136 110.405470 0.000058 0.000025 0.000087 57.208779 33.492652 82.545926 76.201825 43.296014 109.584450
0.004358 -0.000017 -0.000687 0.000660 15.941642 15.694165 16.207274 170709.385814 160104.139815 182961.493874 0.000053 0.000023 0.000085 56.631474 31.983353 82.945535 77.224448 45.959874 108.525269 0.000053 0.000022 0.000085 56.351234 33.296615 82.388302 75.051044 43.549797 106.593334
0.004919 -0.000013 -0.000666 0.000670 16.301424 15.613438 16.969866 190049.655660 161318.214101 226474.548744 0.000058 0.000024 0.000087 57.423556 32.345563 83.818928 77.460743 44.782743 109.236011 0.000052 0.000023 0.000085 56.684242 31.903277 82.558180 77.187191 46.775489 109.308704
0.005398 0.000044 -0.000666 0.000702 15.093507 14.165556 16.018878 137621.511025 106560.645951 178224.325021 0.000052 0.000023 0.000083 57.264067 31.424352 82.101355 79.147831 46.479172 110.813737 0.000055 0.000024 0.000085 56.622279 31.120641 82.387229 76.092418 43.256738 109.257616
0.005714 -0.000018 -0.000692 0.000693 15.753396 14.814435 16.784997 189634.797983 147407.560847 264484.923259 0.000056 0.000025 0.000085 58.960766 33.145805 84.484843 80.848875 45.689285 111.939716 0.000055 0.000025 0.000086 57.319235 32.220280 81.715380 79.109166 47.031101 110.965403
0.006076 -0.000004 -0.000701 0.000635 15.324221 14.472190 16.270932 178080.156786 139498.293667 238830.830708 0.000052 0.000024 0.000085 56.818181 30.628691 81.837035 79.399351 47.919360 110.458292 0.000056 0.000024 0.000085 56.464192 32.879698 82.909748 75.624365 44.731578 109.927363
0.006452 0.000023 -0.000634 0.000687 12.945101 12.326357 13.648412 74705.704133 60669.831795 93694.158903 0.000055 0.000026 0.000086 56.150448 30.535885 82.321671 77.474851 45.568421 109.823900 0.000058 0.000028 0.000086 56.734967 31.372155 82.758855 80.573478 45.537977 110.308419
0.006834 -0.000011 -0.000656 0.000692 14.233588 13.566675 14.967785 111858.003321 91508.054889 141395.734544 0.000058 0.000026 0.000087 56.560786 32.625651 83.259383 77.522650 46.154551 110.057641 0.000053 0.000023 0.000084 58.266867 31.615583 81.995165 76.431728 45.452665 107.874486
0.007262 0.000054 -0.000650 0.000681 15.180137 14.469447 15.940965 160357.344558 130929.621555 202353.841782 0.000055 0.000024 0.000086 58.461557 33.000449 83.994847 77.767798 46.416225 110.168870 0.000055 0.000023 0.000086 57.845953 32.184895 83.241884 77.914342 44.335523 110.249742
0.007703 0.000003 -0.000682 0.000674 13.514676 12.969645 14.069428 92653.702591 79119.809730 112611.388283 0.000055 0.000024 0.000086 57.065967 32.107467 84.141311 80.653792 46.347035 110.284020 0.000056 0.000025 0.000086 58.273724 32.637560 83.386827 78.693089 44.922017 111.459677
0.008213 -0.000064 -0.000707 0.000679 14.465377 13.958665 14.996414 111295.303067 96286.636742 129500.172512 0.000054 0.000024 0.000085 57.340733 31.337978 82.176820 74.745838 44.537307 107.727371 0.000055 0.000024 0.000086 55.097659 30.358426 81.928890 77.523468 45.928623 110.123526
0.008786 -0.000020 -0.000668 0.000658 14.009614 13.545712 14.489633 101621.577438 88507.881982 118254.580671 0.000056 0.000025 0.000086 60.758239 33.212622 84.427665 78.434565 43.572981 110.743939 0.000056 0.000025 0.000087 57.216946 31.830334 82.361351 74.859485 43.345330 109.932107
0.009382 -0.000082 -0.000730 0.000669 12.814862 12.406261 13.230156 67524.179841 59241.603894 76672.918362 0.000053 0.000023 0.000084 55.594998 30.328337 82.272632 74.650426 43.756284 107.601066 0.000053 0.000024 0.000084 54.530023 30.950534 81.829578 74.857752 44.953460 108.872144
0.010043 -0.000039 -0.000699 0.000666 11.937712 11.513017 12.376047 61232.862046 52546.322090 71717.329599 0.000056 0.000025 0.000085 55.340019 31.405476 81.891794 78.303319 45.174524 110.673440 0.000057 0.000026 0.000084 57.449201 32.887906 82.861802 77.554817 45.449896 109.845631
0.010731 -0.000034 -0.000678 0.000663 12.348803 11.985583 12.731665 58490.332857 52118.093263 66485.057481 0.000052 0.000021 0.000086 54.315982 31.703926 82.291294 79.995037 47.412886 111.431066 0.000052 0.000023 0.000084 56.226894 31.781323 82.098067 79.627776 45.682142 111.045979
0.011439 -0.000020 -0.000665 0.000673 12.051644 11.683632 12.449835 59776.381968 52446.055531 69869.989025 0.000056 0.000024 0.000086 57.445989 31.834844 82.710537 80.012164 47.104873 110.621050 0.000056 0.000026 0.000084 57.348956 31.837991 81.565738 76.404633 45.114158 110.077118
0.012266 -0.000017 -0.000695 0.000692 11.905479 11.511283 12.291080 59987.627753 52033.318205 70410.737450 0.000056 0.000026 0.000085 57.843927 32.044367 82.228940 79.885009 46.126397 111.101188 0.000056 0.000026 0.000086 58.019741 32.322226 83.164130 76.593885 44.705837 109.637444
0.013121 0.000025 -0.000665 0.000700 11.716273 11.371938 12.085785 49316.963904 43708.785225 56303.829915 0.000058 0.000025 0.000085 56.085516 31.199403 82.856277 75.824581 44.351823 110.359012 0.000057 0.000025 0.000085 57.325605 32.100260 82.557219 78.819288 46.275191 111.611257
0.014014 0.000014 -0.000663 0.000660 11.498998 11.162745 11.860651 48444.193291 42857.162052 55234.538295 0.000056 0.000025 0.000086 58.245258 32.745347 82.341834 78.831759 45.805815 110.561484 0.000054 0.000023 0.000085 56.434403 31.309732 82.709995 76.641704 44.884284 109.607402
0.015040 0.000032 -0.000667 0.000689 11.566786 11.238838 11.927449 45543.986240 40440.096561 51892.454238 0.000051 0.000023 0.000084 56.432326 32.261641 82.417918 77.637112 45.580726 109.944501 0.000057 0.000025 0.000086 58.524188 31.180336 84.012414 76.639653 45.492963 109.894506
0.016089 0.000059 -0.000669 0.000730 10.292859 9.990450 10.591459 28249.938940 25264.665144 31980.736089 0.000055 0.000025 0.000086 55.578139 32.471706 82.443364 77.314529 46.926373 108.381612 0.000054 0.000025 0.000087 55.541292 31.570352 83.161800 74.515712 43.971382 108.289533
0.017238 -0.000058 -0.000743 0.000641 10.382626 10.051811 10.695738 31948.570598 28000.079882 36612.083131 0.000055 0.000024 0.000084 54.355143 30.357924 80.921569 76.869449 45.569265 110.071973 0.000057 0.000025 0.000087 56.797171 32.530867 82.905789 82.375298 47.020610 113.013282
0.018479 0.000007 -0.000644 0.000666 10.407745 10.065368 10.767147 31472.558009 27465.436255 36130.985502 0.000054 0.000024 0.000086 59.115005 31.026059 84.266231 78.858339 45.614483 111.599931 0.000055 0.000025 0.000085 57.432019 31.883671 83.304492 77.022084 46.128400 109.566050
0.019760 -0.000045 -0.000697 0.000667 9.612049 9.339140 9.908160 21346.422499 18995.543708 24367.718261 0.000051 0.000023 0.000085 56.724724 31.442817 82.098450 80.273379 45.282686 111.010501 0.000054 0.000024 0.000085 55.966360 31.377285 83.719626 77.559060 45.626044 110.071183
0.021235 0.000036 -0.000673 0.000731 9.096380 8.815900 9.387057 17289.462369 15263.385979 19733.490263 0.000052 0.000023 0.000085 60.069274 33.921682 84.539473 76.779300 44.443102 109.233812 0.000052 0.000023 0.000085 59.828455 33.485260 84.229274 77.357872 44.720300 108.680351
0.022764 -0.000022 -0.000694 0.000687 9.456453 9.163617 9.748941 18156.698160 16149.914708 20258.689402 0.000054 0.000025 0.000085 58.217516 32.358614 84.014013 76.862976 45.169408 110.948468 0.000056 0.000026 0.000086 55.276374 31.953243 82.579086 76.851888 45.119135 107.207518
0.024375 0.000020 -0.000627 0.000686 8.659517 8.408613 8.910293 12879.999303 11566.611868 14317.126115 0.000053 0.000023 0.000083 58.560864 32.278459 83.564447 79.986492 45.245197 110.240730 0.000056 0.000025 0.000086 58.633649 33.732282 83.067777 77.136012 44.755527 109.232156
0.026259 0.000020 -0.000683 0.000690 8.413044 8.115516 8.742732 14723.895659 12557.671864 17464.361580 0.000055 0.000026 0.000086 56.948774 31.993326 81.778543 79.072498 46.378319 109.819766 0.000054 0.000024 0.000087 54.630179 30.119427 80.761417 77.540340 45.613453 110.114579
0.028264 -0.000042 -0.000698 0.000652 7.660890 7.400189 7.945171 8696.896638 7559.787258 10098.371666 0.000057 0.000025 0.000087 57.697720 31.832977 82.526117 77.388892 44.968292 109.319631 0.000055 0.000025 0.000085 57.093132 31.897824 81.433045 74.793723 41.956012 109.006833
0.030361 0.000065 -0.000649 0.000688 7.309705 7.032728 7.599855 7354.023765 6262.235140 8694.938228 0.000054 0.000024 0.000083 57.299633 31.532804 82.833804 78.675284 45.313961 111.362661 0.000055 0.000025 0.000085 59.102937 32.381043 82.373034 79.103990 47.589691 110.841297
0.032831 0.000019 -0.000678 0.000676 7.992702 7.692616 8.304366 9992.425003 8647.220592 11777.104130 0.000054 0.000024 0.000085 57.460832 32.338190 83.213377 80.893907 46.700643 111.556799 0.000055 0.000024 0.000085 58.852533 32.197496 84.024829 75.111379 42.802369 108.151848
0.035666 0.000013 -0.000672 0.000683 7.060090 6.712550 7.421725 6931.990489 5524.496396 8694.284634 0.000055 0.000025 0.000087 58.349304 32.304205 83.064367 78.642823 45.575425 110.084521 0.000056 0.000025 0.000086 58.454428 32.183951 82.859031 78.157429 46.905781 109.864149
0.038637 0.000072 -0.000644 0.000708 6.909130 6.596731 7.268153 5628.434862 4688.774558 6891.877856 0.000053 0.000023 0.000085 57.163370 31.251728 82.700858 78.684559 46.548367 110.990304 0.000053 0.000024 0.000084 56.850440 31.252763 83.512618 77.336971 45.308373 109.386256
0.042636 0.000091 -0.000629 0.000697 5.674523 5.342310 6.047357 3118.654592 2420.161527 4085.788963 0.000055 0.000025 0.000085 56.884085 31.833821 82.009221 73.681183 44.404084 107.484145 0.000054 0.000024 0.000085 53.253658 29.987993 81.939822 75.890605 42.914133 109.836735
0.047647 -0.000029 -0.000692 0.000694 6.621680 6.133715 7.171258 6718.224225 4763.582506 9997.804539 0.000057 0.000024 0.000087 58.828368 32.741437 83.476472 77.931140 45.997504 109.749988 0.000051 0.000022 0.000085 59.139079 33.190982 83.955317 74.118909 43.233188 108.465920
0.054068 0.000009 -0.000702 0.000685 5.459593 5.063863 5.879947 2207.440192 1647.047968 3006.535216 0.000051 0.000023 0.000082 59.175523 32.730911 83.332323 77.057501 44.198164 109.015165 0.000052 0.000025 0.000084 55.180983 30.786968 82.521124 77.815436 44.198748 109.189574
