0.000027 0.000074 -0.000674 0.000713 22.551329 20.400165 25.381132 960493.013670 565350.549040 1771604.274715 0.000055 0.000025 0.000085 57.300177 31.708712 82.217813 78.835593 45.950532 109.600660 0.000057 0.000025 0.000085 57.250957 33.295755 83.866075 78.718166 44.617387 110.081410
0.000069 0.000000 -0.000659 0.000700 17.473649 16.179992 18.948475 253344.658730 184301.254221 407370.909727 0.000054 0.000024 0.000086 58.636793 32.496816 82.657608 81.846256 49.464275 111.861240 0.000052 0.000024 0.000085 55.117617 31.286614 81.485474 75.738692 44.600197 108.356835
0.000095 0.000095 -0.000653 0.000697 19.006271 17.928649 20.420277 375065.347446 279517.375635 555296.731929 0.000053 0.000024 0.000085 56.790476 31.748706 83.019379 77.629547 44.942812 108.739493 0.000053 0.000023 0.000085 52.629502 30.351020 79.893544 78.059757 45.319172 110.341348
0.000114 -0.000037 -0.000694 0.000647 20.329823 18.830759 22.561959 589300.131590 383581.445224 1006915.616895 0.000059 0.000026 0.000087 61.031500 32.394180 85.533941 75.441054 44.241818 109.118562 0.000053 0.000025 0.000085 57.634473 32.545977 82.803926 78.065364 45.409663 110.402376
0.000131 -0.000027 -0.000667 0.000672 19.716369 18.308112 21.639845 476032.606278 320461.092413 769589.585960 0.000056 0.000026 0.000088 58.018658 32.662181 82.537069 75.875737 45.072964 108.478395 0.000054 0.000023 0.000083 60.330574 32.419754 83.309433 75.909191 45.226883 111.267724
0.000152 -0.000023 -0.000655 0.000652 18.311576 17.532417 19.294363 296462.550270 236515.873200 400117.755767 0.000057 0.000024 0.000086 54.964801 30.514825 83.028113 75.725108 44.596646 108.598283 0.000053 0.000025 0.000084 54.141900 30.814090 81.130691 76.176006 44.904272 109.488240
0.000175 0.000014 -0.000698 0.000694 18.223529 17.308500 19.297507 304200.840897 238724.592681 419862.348067 0.000057 0.000025 0.000088 55.823773 31.259160 81.815927 75.111535 43.763912 108.769512 0.000056 0.000025 0.000087 56.845763 31.255208 81.616380 76.804502 47.237009 109.623201
0.000193 0.000019 -0.000665 0.000659 18.423384 17.365570 19.953262 318585.638887 232758.319253 496643.988648 0.000055 0.000025 0.000086 58.230968 33.311131 83.120899 76.039232 44.099915 109.122956 0.000053 0.000022 0.000085 58.559749 32.520554 84.052626 76.167928 45.675422 108.656935
0.000207 0.000015 -0.000669 0.000710 18.034697 17.359987 18.882981 264931.076903 216501.377603 344747.136519 0.000057 0.000027 0.000085 57.866533 32.951894 83.029651 74.769526 44.439043 108.644369 0.000056 0.000024 0.000086 58.833952 33.270183 83.112399 77.462748 46.237380 110.849789
0.000224 -0.000038 -0.000698 0.000642 19.585028 18.617355 20.908003 419975.861412 324290.956499 589015.944128 0.000057 0.000025 0.000086 55.283282 30.626744 81.865618 80.136707 45.999506 110.761161 0.000053 0.000024 0.000084 58.352572 32.498464 82.847681 77.578838 44.450010 110.587144
0.000240 0.000041 -0.000648 0.000705 19.819675 18.828161 21.022600 462541.225031 352336.865730 631885.285757 0.000054 0.000023 0.000085 56.277944 31.678273 83.067875 80.440706 45.962227 110.644873 0.000055 0.000025 0.000086 56.680068 31.902655 82.144553 73.463501 43.312417 109.646224
0.000258 0.000005 -0.000691 0.000710 17.264982 16.661244 17.976220 211148.180419 178961.923071 271017.804721 0.000054 0.000025 0.000085 56.630901 32.049088 82.474169 72.999245 43.540657 108.131142 0.000054 0.000024 0.000084 56.999123 32.291336 82.602955 77.892788 43.865992 110.014462
0.000277 -0.000016 -0.000678 0.000661 18.843658 17.956270 19.842799 356912.268500 280892.961179 470607.323670 0.000057 0.000025 0.000086 55.177931 30.622489 82.072744 76.300214 45.082415 109.767240 0.000056 0.000025 0.000086 58.377351 31.968033 84.456891 76.323555 44.387799 108.381066
0.000298 0.000048 -0.000653 0.000693 17.761926 17.261124 18.375141 244934.187382 211844.508882 295701.861949 0.000056 0.000026 0.000087 56.050064 31.403586 82.673986 78.277945 45.407796 109.222846 0.000055 0.000024 0.000086 61.209499 33.297393 85.116553 75.867222 43.942177 109.704144
0.000319 -0.000035 -0.000699 0.000673 19.320827 18.612684 20.230418 398546.637621 329578.615853 510016.047065 0.000056 0.000024 0.000086 54.883848 31.804177 81.973387 76.639786 47.793271 108.159310 0.000056 0.000025 0.000085 57.838497 33.125728 83.047746 79.247673 45.095277 110.983875
0.000342 0.000022 -0.000641 0.000682 18.506124 17.999094 19.164679 305027.659935 262801.509135 368806.389016 0.000055 0.000026 0.000085 57.075972 31.931799 83.286619 75.094945 43.836598 110.408303 0.000051 0.000023 0.000084 56.936776 31.399274 83.281349 79.428047 46.006289 109.980089
0.000367 -0.000005 -0.000683 0.000666 18.745783 18.214163 19.410798 328747.415887 281157.954610 396370.560393 0.000058 0.000025 0.000087 59.393335 33.248699 83.778105 76.152148 42.811921 109.880692 0.000053 0.000024 0.000084 56.023696 30.690929 82.082914 81.351112 45.366615 109.709550
0.000394 0.000014 -0.000672 0.000702 18.781835 18.182323 19.417974 341478.647231 292235.839119 402945.466207 0.000050 0.000023 0.000083 59.008597 33.093264 83.737222 74.991559 44.366792 109.451246 0.000053 0.000024 0.000084 57.575176 32.446591 82.860635 73.789339 43.770451 109.178255
0.000423 -0.000021 -0.000725 0.000653 19.292006 18.744024 19.918900 385104.564780 334227.422419 452237.909588 0.000056 0.000026 0.000085 59.409187 34.657182 83.125840 78.804144 43.152239 109.919128 0.000053 0.000023 0.000085 58.072788 32.387590 83.612194 76.613853 43.973347 108.532466
0.000454 -0.000055 -0.000686 0.000694 18.003804 17.385137 18.732098 319237.033723 274480.750900 381466.344394 0.000056 0.000026 0.000084 58.015518 32.410095 83.548876 80.193497 46.014760 110.510811 0.000054 0.000023 0.000085 56.948975 31.161055 82.810267 79.738164 44.784516 111.790355
0.000487 -0.000038 -0.000665 0.000653 19.005463 18.618075 19.446118 342592.048068 308821.760870 388437.683342 0.000054 0.000024 0.000085 56.744640 31.257276 82.849439 77.621616 43.910212 109.846371 0.000056 0.000024 0.000085 58.962270 33.722028 83.417991 75.941626 44.089250 109.134477
0.000522 0.000024 -0.000665 0.000674 18.687616 18.301783 19.108448 320039.964145 287121.062419 360516.701986 0.000055 0.000024 0.000085 56.420995 31.861727 82.177126 78.376734 45.194437 109.516949 0.000056 0.000026 0.000086 56.362312 32.596909 81.513585 78.820596 45.654997 111.817990
0.000561 -0.000056 -0.000710 0.000652 19.299900 18.900877 19.744509 385845.389148 346103.670031 436801.405333 0.000058 0.000025 0.000086 57.660586 32.420481 82.746980 79.323315 45.737958 109.583291 0.000056 0.000025 0.000087 54.956729 29.886789 81.424116 75.427051 44.734610 108.307051
0.000602 0.000071 -0.000643 0.000683 18.896592 18.539981 19.281740 338795.931188 310094.495193 377159.763270 0.000056 0.000025 0.000086 59.341694 33.047504 83.388215 77.964060 44.242978 109.625431 0.000056 0.000026 0.000085 57.059809 31.102725 82.782808 78.148560 46.284115 110.737353
0.000645 0.000076 -0.000662 0.000708 18.869309 18.415034 19.356190 376433.164923 337637.963013 424850.467359 0.000056 0.000024 0.000085 55.188863 31.238321 82.534109 77.851866 46.047630 110.077800 0.000057 0.000025 0.000086 59.588937 33.371454 82.005385 75.836507 44.004638 109.994969
0.000692 -0.000017 -0.000677 0.000712 19.261104 18.844178 19.678472 398907.064359 362565.879604 445640.720126 0.000056 0.000026 0.000086 57.187706 32.159488 82.440691 73.416502 43.874420 108.438933 0.000056 0.000024 0.000085 57.996065 34.352203 82.452274 76.602611 44.814654 108.488928
0.000743 -0.000064 -0.000665 0.000654 18.488070 18.120173 18.851745 313535.836304 288190.248691 342549.275518 0.000053 0.000024 0.000085 53.904584 30.020584 82.707756 77.247637 44.252180 108.986210 0.000058 0.000027 0.000087 57.704223 31.074425 83.183882 77.472623 45.437102 108.720988
0.000797 -0.000084 -0.000739 0.000646 18.815556 18.498398 19.130890 342198.684291 315748.127642 369440.148977 0.000052 0.000023 0.000085 55.858807 32.092016 82.140369 77.428987 46.958962 108.720523 0.000055 0.000026 0.000085 55.889412 31.150692 83.535178 79.194165 44.211344 109.231966
0.000855 -0.000031 -0.000710 0.000660 18.673251 18.453159 18.899683 312047.801148 294455.639492 332910.127428 0.000056 0.000024 0.000086 59.144344 32.484597 84.543666 76.774863 45.336132 109.256932 0.000055 0.000024 0.000084 56.976449 32.324962 83.180251 82.939852 45.473359 112.272665
0.000917 0.000048 -0.000689 0.000686 19.008259 18.762057 19.261879 346685.271115 324624.701297 370782.365712 0.000056 0.000025 0.000086 54.155036 30.027751 81.752310 78.431974 45.314642 110.296637 0.000055 0.000024 0.000085 55.369649 31.693960 80.856000 79.725262 46.759128 109.112625
0.000984 0.000094 -0.000656 0.000694 18.564537 18.322898 18.819546 312116.254270 294897.447491 332455.831963 0.000051 0.000023 0.000084 58.684382 32.583350 83.703738 75.637318 43.314655 110.125047 0.000055 0.000026 0.000086 58.464687 33.414235 83.353448 75.224595 44.704910 108.971393
0.001055 -0.000006 -0.000695 0.000680 18.162566 17.915716 18.412119 291925.749625 275160.287252 310085.922196 0.000052 0.000023 0.000085 59.065014 31.963682 83.386820 78.287568 46.653880 109.863259 0.000053 0.000023 0.000084 54.479414 30.963774 80.981212 78.370082 46.328413 111.763338
0.001132 -0.000018 -0.000698 0.000660 18.495526 18.262547 18.728724 316916.685500 299840.702882 335141.236905 0.000056 0.000023 0.000087 56.497052 31.689168 83.206998 73.785021 43.952404 108.661344 0.000053 0.000023 0.000084 56.172584 31.051824 80.713714 79.268735 45.467634 110.474844
0.001214 -0.000037 -0.000682 0.000659 18.439603 18.213774 18.657003 306575.009276 292005.310488 322097.129660 0.000053 0.000024 0.000083 55.808479 30.157120 81.443346 76.881208 45.615216 109.110667 0.000056 0.000024 0.000087 58.106699 31.618591 84.661285 75.698981 45.042165 108.766687
0.001303 0.000053 -0.000662 0.000678 18.675926 18.442559 18.876995 324496.631956 308473.345667 341066.638715 0.000053 0.000023 0.000084 57.938422 32.208857 82.771742 77.364650 46.521869 110.377315 0.000053 0.000024 0.000086 58.626155 31.474044 82.871653 78.695895 45.398935 111.243816
0.001397 -0.000019 -0.000694 0.000641 18.459516 18.265220 18.667815 312789.236668 299107.114388 328214.352489 0.000054 0.000025 0.000086 58.062415 32.510265 84.815388 76.258293 44.605710 108.379149 0.000054 0.000023 0.000084 57.227150 33.425220 81.835202 76.420281 44.549496 110.425650
0.001499 0.000028 -0.000669 0.000654 18.036579 17.867418 18.205008 284372.076252 272260.559332 296302.494518 0.000054 0.000024 0.000084 56.155519 32.495443 82.295856 73.467478 43.001012 108.090104 0.000051 0.000023 0.000084 54.644561 30.607253 81.872544 78.207117 44.705338 109.998074
0.001608 0.000009 -0.000664 0.000672 17.759102 17.607075 17.906634 263393.846068 254056.913876 272994.446057 0.000057 0.000024 0.000087 55.833519 30.516033 80.407548 78.781866 45.998441 111.769081 0.000053 0.000022 0.000086 56.150744 31.888629 81.852541 74.919064 43.896218 108.201350
0.001725 -0.000042 -0.000702 0.000655 17.936609 17.777619 18.097742 279130.130836 268715.933170 289868.873888 0.000054 0.000023 0.000084 54.895496 30.798283 81.663573 73.264775 44.204630 108.229603 0.000053 0.000023 0.000084 59.685517 32.703695 83.699542 78.535640 46.855035 109.119390
0.001850 -0.000021 -0.000718 0.000652 18.104630 17.959568 18.250063 295287.075905 285197.888019 306579.143468 0.000065 0.000035 0.000090 60.451687 34.353126 83.327117 68.446604 41.878503 102.539794 0.000055 0.000023 0.000086 54.711211 30.094217 82.634147 77.397133 45.689200 111.095059
0.001985 -0.000009 -0.000654 0.000670 17.903537 17.776803 18.047965 269345.784250 260962.669496 278557.834923 0.000069 0.000035 0.000092 58.673176 33.034436 83.339407 71.512922 42.154968 106.647676 0.000066 0.000036 0.000090 58.150319 33.029476 82.460855 70.573187 42.661424 104.371412
0.002129 -0.000029 -0.000696 0.000686 17.671420 17.551322 17.792660 266175.175483 258537.910394 274481.187291 0.000051 0.000022 0.000085 55.233046 31.030816 82.108678 74.821892 44.068602 109.451403 0.000052 0.000024 0.000084 53.758336 30.213106 81.601508 77.747170 46.290452 110.553399
0.002284 0.000018 -0.000676 0.000704 17.575452 17.462316 17.697446 266004.988743 258637.744799 274002.692197 0.000048 0.000022 0.000080 57.074140 32.626918 83.670081 73.447492 43.087123 108.490187 0.000049 0.000021 0.000083 55.577503 32.292394 81.544137 76.944565 45.071978 109.739924
0.002450 0.000043 -0.000671 0.000665 17.347703 17.245148 17.461342 243509.594133 237246.132114 250025.358563 0.000050 0.000022 0.000084 57.549803 32.251493 83.159733 77.280658 44.137572 111.273378 0.000048 0.000022 0.000081 58.302479 31.971123 83.631149 74.043776 43.640003 107.312600
0.002628 -0.000039 -0.000690 0.000673 17.183072 17.080875 17.286676 234699.137440 228936.293103 241275.985098 0.000050 0.000022 0.000081 57.420920 33.012333 82.855212 74.762932 44.208300 106.993787 0.000049 0.000022 0.000082 58.379815 32.086734 82.530455 77.885588 45.718567 109.436438
0.002819 0.000008 -0.000701 0.000678 17.067222 16.959640 17.163109 228873.216793 223168.109191 234477.561005 0.000052 0.000023 0.000082 52.252830 29.226973 81.096350 79.435013 47.669797 109.667407 0.000065 0.000032 0.000089 59.965565 35.120924 82.753894 63.765495 38.873361 104.674568
0.003024 0.000000 -0.000653 0.000676 16.850423 16.757870 16.941849 219930.338045 214671.911021 225301.986125 0.000046 0.000020 0.000080 52.516649 29.950807 80.829399 78.707952 47.364707 109.643880 0.000050 0.000023 0.000081 56.937532 31.821590 81.560612 72.630698 43.296054 107.326044
0.003244 0.000025 -0.000671 0.000671 16.694658 16.602688 16.786361 215511.879235 210688.253468 220761.398725 0.000044 0.000020 0.000076 54.841528 31.473068 81.320602 75.613298 44.606717 106.684634 0.000050 0.000022 0.000082 56.830992 30.645012 83.892136 78.516032 44.535625 110.706737
0.003480 -0.000074 -0.000694 0.000680 16.294660 16.206560 16.380709 193896.682688 189629.956995 198337.499112 0.000045 0.000020 0.000078 55.000449 31.544294 82.460910 70.670098 43.128832 105.615035 0.000050 0.000021 0.000081 56.296620 31.153818 82.966242 75.214048 44.014329 108.335339
0.003734 0.000019 -0.000681 0.000693 16.152584 16.043018 16.249904 185529.339184 180280.181770 191120.677661 0.000049 0.000022 0.000083 54.131231 30.339350 82.296511 77.969962 46.246660 111.355231 0.000049 0.000022 0.000082 55.772172 31.258603 81.530306 77.338270 47.340297 110.484749
0.004011 0.000040 -0.000699 0.000671 15.631373 15.492306 15.773378 164291.829439 158621.226375 171059.899138 0.000047 0.000021 0.000083 57.010439 30.615123 82.957812 77.634699 46.244745 109.729336 0.000052 0.000024 0.000085 57.565333 31.147700 82.574858 77.392676 43.530821 109.514537
0.004504 -0.000011 -0.000668 0.000686 15.328483 15.078696 15.573370 147285.951405 138184.384802 157825.227001 0.000052 0.000022 0.000085 54.674161 30.910228 80.646104 78.721759 45.079862 109.002342 0.000053 0.000024 0.000085 58.007254 31.125261 84.635992 76.934952 44.099372 110.043052
0.004986 0.000032 -0.000639 0.000738 14.574913 13.602520 15.642353 141805.661071 105007.932647 195959.099150 0.000055 0.000024 0.000087 59.467303 31.910690 84.017767 80.061019 47.041403 111.182967 0.000056 0.000025 0.000084 55.389228 31.264182 81.943770 76.198213 44.916322 108.197060
0.005293 0.000020 -0.000718 0.000658 15.144886 14.288197 16.099709 157907.195179 123695.649620 209354.924535 0.000055 0.000025 0.000086 61.745919 33.369512 84.652763 75.391693 43.839753 109.295342 0.000054 0.000025 0.000084 59.065424 32.850380 83.624753 77.493686 44.394055 109.932076
0.005671 0.000028 -0.000629 0.000695 16.169891 15.227549 17.139130 204302.706742 158828.301685 267460.790101 0.000053 0.000022 0.000085 58.121259 32.968085 83.788316 76.577902 46.556195 108.696675 0.000056 0.000025 0.000085 56.588255 31.791395 82.400120 74.756624 43.788071 108.148333
0.006054 0.000012 -0.000711 0.000678 15.084741 14.328669 15.913969 125872.830750 104070.266123 157680.478336 0.000052 0.000022 0.000085 58.658501 33.240708 83.094600 78.844482 45.922971 109.598762 0.000053 0.000024 0.000086 57.153217 32.480410 83.136761 76.458308 44.620978 109.286202
0.006415 0.000031 -0.000665 0.000691 15.619174 14.941026 16.328241 148463.507342 125960.496457 177707.336342 0.000051 0.000021 0.000083 58.031458 32.067047 84.174935 77.468618 45.889763 108.822162 0.000051 0.000023 0.000084 55.977516 31.712055 82.432426 77.684968 45.165495 111.672791
0.006843 0.000004 -0.000657 0.000698 14.804468 14.159421 15.456541 124803.112933 104589.514151 150505.802863 0.000057 0.000025 0.000087 57.736201 31.960959 82.969043 76.853615 46.205885 109.889445 0.000054 0.000024 0.000084 55.776134 32.894025 82.189733 78.518367 46.119798 111.487923
0.007306 0.000048 -0.000661 0.000700 12.736736 12.156656 13.389402 76182.473032 62498.094806 95020.442267 0.000055 0.000026 0.000087 56.865970 31.649477 83.764469 77.560091 45.256472 108.141591 0.000051 0.000023 0.000085 54.358034 30.015599 81.914257 74.546524 43.465813 108.455326
0.007768 0.000048 -0.000636 0.000690 14.200418 13.645396 14.762215 107658.515683 91686.286609 128181.580981 0.000057 0.000026 0.000087 59.018045 33.561868 82.958737 75.294904 45.422014 109.680677 0.000059 0.000026 0.000085 58.505568 31.998332 83.689590 77.979336 45.075720 108.859679
0.008314 -0.000006 -0.000703 0.000676 12.928386 12.453502 13.392658 74115.167644 63242.824162 86691.394627 0.000054 0.000025 0.000085 55.831233 31.135417 82.284005 76.396480 45.586416 108.592729 0.000052 0.000024 0.000084 57.888905 32.537520 83.181406 75.015290 44.307120 107.771102
0.008918 0.000022 -0.000668 0.000679 12.976097 12.519687 13.457264 75130.853727 64728.442581 87991.900793 0.000053 0.000023 0.000085 57.569963 30.541520 83.135232 81.699127 45.491792 111.320546 0.000055 0.000025 0.000086 57.929078 31.578787 83.363118 77.317957 44.360515 109.395467
0.009558 -0.000020 -0.000672 0.000675 12.898457 12.426243 13.340621 71614.163486 62113.844666 82466.498677 0.000057 0.000025 0.000087 51.933401 29.572971 80.770712 78.926618 46.164546 111.602357 0.000056 0.000025 0.000085 56.346624 31.433815 82.977912 76.885699 44.484783 110.423153
0.010232 -0.000062 -0.000693 0.000649 12.780359 12.350800 13.230138 77844.528062 67728.309980 91659.801056 0.000056 0.000024 0.000086 57.307051 31.919068 83.095124 77.110024 45.102183 109.960349 0.000051 0.000023 0.000084 56.196974 32.065393 82.246537 76.557682 43.701166 110.500565
0.010939 0.000012 -0.000688 0.000687 12.678834 12.302105 13.068308 67205.066543 59403.400817 75868.037896 0.000052 0.000023 0.000083 56.385350 31.263349 82.957987 75.686527 43.531686 107.477898 0.000055 0.000025 0.000085 60.291336 32.505190 84.528019 78.923528 45.790656 111.285286
0.011709 -0.000036 -0.000688 0.000691 12.622629 12.241937 13.041784 72194.423803 63250.090702 83511.267467 0.000055 0.000024 0.000087 58.669565 32.746126 83.957743 76.346400 43.538077 109.165873 0.000052 0.000023 0.000084 56.367562 32.794225 82.365237 75.766824 44.911033 107.887439
0.012567 -0.000046 -0.000674 0.000663 12.530561 12.214748 12.872103 58167.722790 52753.943943 64334.210611 0.000055 0.000024 0.000084 55.691030 31.428973 82.633882 76.562168 45.582482 110.353173 0.000060 0.000026 0.000087 58.234334 31.526183 81.725199 79.971654 46.401446 110.600004
0.013484 0.000029 -0.000633 0.000691 10.977037 10.673822 11.286483 37373.424847 33398.142822 41956.764972 0.000058 0.000027 0.000088 56.176164 31.288686 82.682583 76.212039 44.066254 109.501445 0.000055 0.000027 0.000085 59.003163 32.244897 83.022460 75.082556 44.594144 109.002449
0.014453 -0.000023 -0.000694 0.000647 10.831077 10.512286 11.205178 39521.778865 34514.875544 45545.859574 0.000055 0.000023 0.000086 57.167759 31.443034 82.063232 77.484867 44.964367 110.770518 0.000056 0.000025 0.000086 58.790159 32.409583 84.196260 81.647232 45.303774 111.069020
0.015477 -0.000032 -0.000686 0.000663 10.689661 10.361933 11.001562 32611.537294 28911.731771 36627.353158 0.000056 0.000023 0.000086 59.799884 34.048731 84.214803 76.516779 44.092804 109.116996 0.000049 0.000023 0.000082 58.226361 31.677689 82.343338 77.042929 43.896723 110.031554
0.016616 -0.000003 -0.000673 0.000677 10.595831 10.304093 10.895579 29851.788137 26785.418547 33318.638640 0.000055 0.000024 0.000085 57.119922 30.388481 82.006511 76.918758 44.012781 110.131315 0.000057 0.000027 0.000086 59.292999 31.755624 84.344118 74.975328 44.780967 107.985951
0.017861 0.000008 -0.000676 0.000713 10.592507 10.275491 10.914173 31045.602131 27893.552535 35078.980146 0.000052 0.000024 0.000084 58.276191 32.850933 83.323263 79.722263 45.973969 110.502242 0.000054 0.000025 0.000086 56.228877 30.669779 82.521977 77.037825 45.997424 108.456142
0.019127 0.000031 -0.000647 0.000690 9.170906 8.905868 9.425738 17035.730019 15237.112696 18999.204159 0.000055 0.000023 0.000085 58.473830 33.489435 84.545354 77.040314 45.097279 111.483658 0.000055 0.000024 0.000087 55.446542 31.501987 82.167625 76.666927 44.216183 109.315340
0.020528 0.000060 -0.000686 0.000696 9.121319 8.846908 9.395248 18634.822604 16533.188617 21329.115510 0.000056 0.000024 0.000086 57.547780 32.554256 82.845182 76.556624 42.974367 108.423498 0.000053 0.000024 0.000085 56.076346 30.950038 82.636292 79.991897 47.280612 112.026616
0.022076 -0.000014 -0.000678 0.000671 9.123268 8.849990 9.437243 17881.805297 15882.810297 20676.467140 0.000056 0.000024 0.000084 56.453430 31.990794 82.115086 76.988384 43.504774 109.598315 0.000055 0.000025 0.000085 57.164080 31.608117 82.466433 79.020117 45.616782 110.760773
0.023681 -0.000027 -0.000683 0.000676 8.617849 8.338613 8.915037 14898.178247 13031.227480 17173.440158 0.000057 0.000026 0.000085 57.639595 32.904580 81.699455 78.992145 45.197610 111.056395 0.000055 0.000025 0.000085 58.309486 33.274551 83.623931 76.046346 44.693688 110.207484
0.025468 -0.000027 -0.000706 0.000700 8.875285 8.597663 9.154559 14097.373117 12653.718537 15922.189953 0.000057 0.000025 0.000085 59.917276 32.929214 85.937457 75.724245 45.025538 109.690944 0.000053 0.000025 0.000084 60.135003 32.065733 84.033227 79.733689 46.717866 111.414548
0.027457 -0.000034 -0.000730 0.000657 7.978528 7.704291 8.269361 9863.617712 8618.965152 11517.373702 0.000054 0.000024 0.000084 57.934368 32.759188 82.329473 81.628573 47.899729 112.770329 0.000059 0.000027 0.000088 55.992042 31.193950 82.787932 76.713345 43.912349 108.891426
0.029564 0.000033 -0.000651 0.000691 7.987280 7.674252 8.311389 11095.277274 9426.459645 13253.853198 0.000052 0.000022 0.000086 57.511819 30.484379 82.214658 74.539558 42.769377 108.570190 0.000054 0.000024 0.000085 58.353305 32.890952 83.902350 80.289159 46.057652 112.095095
0.031878 0.000038 -0.000660 0.000697 7.214270 6.927184 7.539764 7474.278472 6267.962894 9109.433167 0.000055 0.000024 0.000086 57.879872 31.946274 83.680392 75.435782 43.268686 109.067131 0.000055 0.000025 0.000086 59.978128 33.995008 83.914941 74.871823 45.232998 107.649906
0.034415 0.000092 -0.000616 0.000708 7.300903 6.983229 7.616777 7347.392229 6159.956280 8777.301731 0.000056 0.000025 0.000086 58.315963 33.104118 83.396878 77.462998 46.418145 109.877604 0.000055 0.000024 0.000086 59.870596 31.923700 83.270339 74.152738 44.091722 106.971527
0.037311 -0.000050 -0.000693 0.000616 7.336826 7.040565 7.651608 6724.509611 5724.221684 7893.659057 0.000053 0.000022 0.000086 55.754781 30.430565 82.515365 76.451822 44.715921 110.494791 0.000053 0.000024 0.000084 58.372038 32.500454 83.592690 75.949080 44.475869 108.027900
0.040697 0.000076 -0.000658 0.000698 6.673218 6.346770 7.018495 4916.424050 4027.684065 6074.896541 0.000057 0.000025 0.000087 58.104065 32.343312 83.499896 81.230188 48.711362 110.350225 0.000053 0.000023 0.000084 55.041209 31.799178 81.483820 76.863735 45.189933 109.841035
0.044924 0.000056 -0.000670 0.000705 6.516320 6.141205 6.907001 4805.597696 3792.881988 6208.258781 0.000058 0.000025 0.000086 56.865003 32.734194 80.644675 78.506346 43.448161 110.939351 0.000053 0.000023 0.000085 59.294517 33.643578 84.630124 76.543621 44.142149 110.313310
0.050039 -0.000016 -0.000689 0.000673 6.415257 6.009820 6.887724 4177.240145 3264.899835 5660.450744 0.000056 0.000027 0.000086 54.161042 30.852888 81.969311 78.612071 45.545892 110.290628 0.000056 0.000025 0.000086 58.246114 32.230661 84.047748 80.021346 46.647704 109.816198
