0.000027 0.000028 -0.000660 0.000707 18.269137 17.059530 19.953081 313988.782873 221039.868428 510953.796748 0.000055 0.000025 0.000085 61.677695 33.495802 84.712583 79.274573 45.870330 110.431482 0.000058 0.000025 0.000086 56.783907 32.190580 82.859259 78.980374 45.336765 109.598152
0.000069 -0.000034 -0.000692 0.000678 21.716868 19.727078 24.440412 787699.567265 484893.951943 1468023.195518 0.000055 0.000024 0.000086 58.727480 33.091632 84.820421 76.391410 45.154519 109.406922 0.000051 0.000021 0.000086 56.765134 31.452933 83.118221 77.490649 44.960181 109.048952
0.000095 -0.000033 -0.000689 0.000671 19.349826 17.863634 21.125805 445985.257626 314468.697166 708078.682912 0.000055 0.000025 0.000086 58.025560 31.662290 83.102284 73.268925 44.934012 108.736826 0.000050 0.000021 0.000085 57.036449 32.734971 82.266706 78.390677 44.308077 109.772555
0.000114 -0.000075 -0.000703 0.000644 17.304000 15.895089 18.855098 278235.441335 191866.331610 438106.188311 0.000057 0.000025 0.000086 58.074841 33.174750 82.650138 77.569750 44.225977 108.165452 0.000058 0.000026 0.000087 58.347175 32.235432 82.408957 77.189892 45.766911 109.961701
0.000131 0.000069 -0.000617 0.000710 18.245301 17.405610 19.581428 287391.021258 219362.431917 431790.456376 0.000055 0.000024 0.000085 58.990816 32.248859 82.325226 78.880866 45.834232 110.172364 0.000052 0.000023 0.000085 59.522495 33.273937 84.118257 77.919748 45.555920 108.562336
0.000152 0.000060 -0.000658 0.000712 19.905556 18.802666 21.314780 467412.174455 346355.986292 673535.343206 0.000057 0.000025 0.000087 57.717309 31.006858 84.247971 79.647381 46.202215 110.988139 0.000055 0.000025 0.000085 59.504555 32.207331 84.536564 76.740205 45.068187 109.408260
0.000175 0.000002 -0.000688 0.000673 18.416372 17.618840 19.365649 310897.742443 246199.274467 415034.859424 0.000054 0.000024 0.000084 55.201825 30.053610 82.602744 77.828473 44.990502 110.704130 0.000055 0.000024 0.000084 58.300907 30.711219 83.240234 77.787092 44.965716 109.058060
0.000193 -0.000036 -0.000680 0.000656 19.885370 18.507759 21.928515 496987.120769 347125.229347 847952.486912 0.000057 0.000023 0.000088 57.389965 31.150638 82.312697 80.570070 47.091434 110.194013 0.000060 0.000027 0.000087 58.188496 31.900017 84.942728 78.137629 46.956693 108.590919
0.000207 0.000053 -0.000657 0.000689 19.270972 18.222180 20.587873 406795.793502 303977.613564 576919.062096 0.000058 0.000025 0.000087 58.202946 31.874582 83.926765 71.805939 42.518709 107.335763 0.000050 0.000022 0.000083 56.483532 31.775432 81.677316 80.278762 47.302571 110.499322
0.000224 0.000053 -0.000635 0.000686 16.863317 16.133654 17.466505 183237.022970 155455.075041 226914.016131 0.000056 0.000025 0.000085 58.805324 33.216499 84.239318 77.919637 47.310874 108.371753 0.000054 0.000024 0.000085 56.341287 32.264722 82.240618 76.700442 44.353566 108.552775
0.000240 0.000033 -0.000650 0.000716 18.765884 17.737226 19.859806 358377.927304 276175.094620 483098.570090 0.000055 0.000026 0.000086 58.528028 33.606402 83.222950 77.086957 45.654840 109.002774 0.000056 0.000024 0.000087 58.161698 31.588882 83.069175 77.381252 44.731371 110.367963
0.000258 -0.000033 -0.000702 0.000691 21.775882 20.516567 23.370976 794294.274070 584567.634137 1158157.860528 0.000059 0.000026 0.000086 58.296549 33.177575 83.374099 76.234151 45.383518 107.779418 0.000055 0.000025 0.000086 58.321020 32.985148 84.453486 71.811285 43.263262 107.755052
0.000277 -0.000067 -0.000708 0.000672 17.693433 17.017236 18.576266 254318.983623 209916.063951 325946.625932 0.000055 0.000023 0.000085 57.837024 32.550117 82.835886 79.930633 47.788207 111.009817 0.000054 0.000023 0.000086 59.003450 33.750177 84.222090 75.171473 45.435944 107.698564
0.000298 -0.000041 -0.000689 0.000696 19.442939 18.631608 20.347265 414334.354647 331583.167119 532550.135559 0.000059 0.000025 0.000086 56.713189 32.840277 81.976217 78.052290 45.349775 107.585765 0.000055 0.000023 0.000086 56.809851 32.290911 82.423472 74.445648 44.214369 108.784042
0.000319 0.000036 -0.000684 0.000708 18.495902 17.914529 19.267959 307028.190401 260043.115147 380314.956970 0.000059 0.000027 0.000088 56.280775 31.398473 81.846045 79.700856 45.791268 110.972173 0.000054 0.000024 0.000086 58.381427 34.955906 83.522358 77.014003 44.968981 110.416562
0.000342 0.000024 -0.000659 0.000682 19.554619 18.823507 20.437415 412907.148598 335841.093613 525982.193522 0.000052 0.000022 0.000085 58.257066 32.175480 84.146857 76.611369 43.261059 108.516046 0.000054 0.000025 0.000084 58.220519 33.428673 83.927887 77.680481 46.220222 108.530036
0.000367 0.000025 -0.000664 0.000693 19.505533 18.838669 20.215471 413978.494246 347489.578776 500532.415218 0.000055 0.000025 0.000084 56.096430 32.192986 81.966581 76.917520 44.377319 109.094581 0.000057 0.000025 0.000088 58.583558 30.703712 84.386002 80.433880 46.773854 111.953628
0.000394 0.000003 -0.000698 0.000669 18.121783 17.459564 18.869749 311847.531039 265589.081243 383696.471150 0.000060 0.000028 0.000087 60.192218 33.152604 83.791982 77.522161 44.616994 109.171783 0.000055 0.000025 0.000085 58.010487 31.345380 83.095174 78.391104 45.149871 109.930645
0.000423 -0.000027 -0.000681 0.000662 19.447175 18.876717 20.069306 403911.327450 345088.768251 479193.518991 0.000052 0.000024 0.000084 58.071254 32.704511 83.088278 76.576033 48.302283 109.954344 0.000053 0.000024 0.000085 57.096670 31.033662 83.773417 79.871667 46.947725 112.241312
0.000454 -0.000026 -0.000697 0.000680 19.566003 19.006502 20.191367 415671.131034 358227.062531 489552.907468 0.000059 0.000026 0.000087 57.495613 32.609134 83.563739 79.133610 45.444808 110.673945 0.000054 0.000025 0.000084 58.533159 33.023323 83.406037 79.649461 45.750198 111.163810
0.000487 -0.000115 -0.000735 0.000639 18.681756 18.216353 19.141489 322863.592641 286431.397386 366809.590424 0.000053 0.000024 0.000085 59.333966 33.308348 83.503566 75.252514 43.948097 108.972640 0.000055 0.000024 0.000086 56.085906 30.945769 83.709589 77.169271 45.273947 107.141948
0.000522 0.000077 -0.000652 0.000692 19.097693 18.677363 19.542045 355139.746524 315094.980449 402126.550136 0.000053 0.000022 0.000086 56.791621 30.771381 82.261938 77.239750 45.744679 110.434229 0.000054 0.000025 0.000084 57.916730 31.510626 84.107809 76.629913 44.393101 109.511313
0.000561 -0.000034 -0.000688 0.000642 18.211183 17.788387 18.614530 287119.398011 259945.804679 318426.853948 0.000057 0.000026 0.000084 56.240348 30.436366 82.060615 79.511215 47.916638 109.931021 0.000057 0.000025 0.000087 54.698818 31.098430 82.879333 75.344871 43.552925 109.010917
0.000602 -0.000001 -0.000696 0.000699 18.545308 18.098164 19.024096 328099.436698 293182.384712 368794.198597 0.000055 0.000024 0.000086 55.908237 31.116124 81.729922 77.694011 45.694139 109.852990 0.000058 0.000025 0.000088 58.172060 32.830016 83.131174 74.087502 43.305657 107.578457
0.000645 0.000044 -0.000674 0.000701 18.882723 18.503528 19.275311 342572.932316 311607.673809 380729.986887 0.000055 0.000025 0.000084 58.575498 32.401803 83.318765 75.591616 43.474411 110.506795 0.000051 0.000022 0.000082 56.542789 31.451334 82.277600 77.367416 44.495378 109.810839
0.000692 0.000036 -0.000656 0.000711 19.311681 18.954931 19.688421 385290.356229 351895.108346 425297.587372 0.000056 0.000024 0.000086 56.434487 32.131052 82.066166 76.643208 44.396609 107.896533 0.000057 0.000026 0.000086 54.490543 31.332917 80.865787 78.446353 44.961829 110.516063
0.000743 -0.000079 -0.000695 0.000648 18.795238 18.543280 19.078000 321873.551589 299474.555492 349137.115982 0.000055 0.000024 0.000083 55.047002 29.555696 81.783527 76.251581 45.718026 107.226023 0.000055 0.000023 0.000087 54.432749 30.810679 80.966847 80.710448 47.235570 112.960820
0.000797 -0.000011 -0.000708 0.000701 19.078730 18.761380 19.372373 359823.365508 331864.066565 390184.640999 0.000053 0.000023 0.000086 57.727654 31.394009 83.535900 78.240994 45.944891 109.799086 0.000054 0.000026 0.000085 59.312406 33.250916 82.528759 80.489310 46.977301 109.637872
0.000855 0.000034 -0.000658 0.000714 18.943341 18.661063 19.233331 344929.250525 320731.233039 369364.340302 0.000051 0.000023 0.000083 53.978816 30.595203 82.753325 78.379187 45.291563 110.492888 0.000056 0.000025 0.000087 57.645028 32.292541 83.463372 78.800177 45.748374 110.218627
0.000917 -0.000089 -0.000711 0.000618 18.809622 18.557551 19.060057 329825.393821 308785.868623 352653.227797 0.000054 0.000024 0.000085 57.134751 31.429463 82.531225 79.540624 44.408333 111.133496 0.000054 0.000023 0.000085 58.539614 32.218888 83.195874 79.146596 45.812505 110.802043
0.000984 0.000058 -0.000660 0.000704 18.823774 18.583894 19.072432 329959.415890 312485.603951 353031.881222 0.000054 0.000025 0.000085 56.095135 31.755837 81.558456 74.002036 43.394458 108.352451 0.000052 0.000023 0.000085 55.142575 31.510525 81.629397 76.698371 43.950626 109.256640
0.001055 0.000046 -0.000677 0.000677 18.251126 17.996931 18.500932 290864.580507 275904.496382 308904.246341 0.000057 0.000024 0.000087 56.640326 31.388877 83.041833 81.356799 45.199985 110.749773 0.000054 0.000025 0.000084 54.408584 31.819836 80.968812 81.701146 47.108296 110.281403
0.001132 -0.000005 -0.000664 0.000703 18.643824 18.423365 18.873086 320738.275185 303228.551615 338468.693267 0.000053 0.000025 0.000085 55.347908 31.240557 81.668112 77.528283 46.829498 108.645569 0.000054 0.000023 0.000086 55.589914 31.296028 80.748366 77.770267 45.188492 109.614060
0.001214 0.000054 -0.000673 0.000719 18.345060 18.126738 18.544393 293643.468109 279161.411884 308921.063390 0.000053 0.000023 0.000085 59.007820 33.094136 82.696827 80.578894 44.970950 111.130187 0.000052 0.000024 0.000085 56.708886 31.356055 82.916721 76.583043 43.654465 109.326726
0.001303 0.000026 -0.000649 0.000674 18.514358 18.312016 18.720562 304369.535436 291694.272470 320986.626825 0.000052 0.000024 0.000085 59.031482 33.156077 82.930101 77.941779 46.436680 108.975103 0.000055 0.000024 0.000086 58.126582 33.155324 84.289704 75.724690 42.961254 110.370023
0.001397 -0.000039 -0.000679 0.000680 18.391086 18.214160 18.589242 301597.712219 289549.810912 315817.373714 0.000059 0.000027 0.000087 57.002109 31.273447 82.757750 78.762401 46.060776 109.360044 0.000068 0.000039 0.000091 62.763688 35.153247 84.695057 67.585405 41.780291 102.946640
0.001499 -0.000003 -0.000705 0.000681 18.217400 18.051355 18.379079 278401.660617 268067.783571 289165.426751 0.000052 0.000023 0.000084 57.128080 32.377742 82.793355 77.053484 45.222037 110.160101 0.000052 0.000024 0.000084 57.840333 30.696780 82.685749 80.392483 44.906608 111.133727
0.001608 0.000001 -0.000685 0.000674 18.164190 17.993075 18.328963 288277.118962 276563.242739 300857.050594 0.000058 0.000027 0.000087 53.377247 29.965501 80.480884 78.765382 45.512348 110.576712 0.000066 0.000034 0.000090 60.426202 34.402398 84.566091 69.578171 41.839981 106.100191
0.001725 0.000002 -0.000691 0.000670 17.977281 17.813815 18.122289 283507.254737 273330.259235 294205.463027 0.000053 0.000023 0.000083 55.751550 30.260442 83.407118 80.035106 46.176547 111.781060 0.000053 0.000022 0.000084 57.136710 30.867957 82.680895 76.007885 44.400024 110.059945
0.001850 0.000003 -0.000691 0.000676 17.928406 17.794361 18.077224 279545.049977 270584.822260 289047.564721 0.000049 0.000021 0.000082 54.913278 30.792375 82.152395 76.555708 44.919715 108.979385 0.000054 0.000025 0.000085 58.349546 33.331309 83.048578 78.942961 46.015312 111.586241
0.001985 -0.000040 -0.000717 0.000639 17.571805 17.450980 17.706117 253180.591853 245597.828213 261616.249958 0.000052 0.000023 0.000085 55.203954 28.853235 81.332119 77.099889 45.315315 109.063687 0.000050 0.000023 0.000082 57.280241 33.455518 81.509877 75.987038 43.903582 109.787257
0.002129 0.000066 -0.000653 0.000692 17.527530 17.407514 17.648025 249919.692968 242611.048480 257129.017933 0.000047 0.000021 0.000083 58.380853 32.464688 83.027788 77.670356 44.544144 110.172283 0.000051 0.000023 0.000083 55.250870 31.179492 82.661653 71.557522 42.250707 107.151414
0.002284 -0.000008 -0.000667 0.000665 17.561958 17.444154 17.685512 256773.622788 249819.651238 264913.602722 0.000049 0.000022 0.000083 54.663077 30.421537 81.203090 78.774970 46.401051 110.796613 0.000049 0.000021 0.000083 56.369284 31.349478 81.542414 78.148310 47.104275 110.034914
0.002450 -0.000019 -0.000674 0.000626 17.455287 17.349243 17.565695 252773.342337 245986.669520 259974.608094 0.000053 0.000024 0.000085 58.407021 31.796722 83.456489 78.541955 45.370791 109.535750 0.000050 0.000022 0.000082 58.383655 32.471423 82.912812 75.768379 45.766730 108.558491
0.002628 -0.000008 -0.000680 0.000691 17.009341 16.905983 17.126249 223934.662824 218269.655611 230235.743812 0.000051 0.000022 0.000082 55.359908 30.126927 83.024914 78.411394 45.700652 109.197293 0.000049 0.000021 0.000083 55.260596 30.776527 82.781232 79.147992 45.376324 110.505722
0.002819 0.000088 -0.000616 0.000703 17.037783 16.944326 17.134965 229075.593063 223509.802606 234583.482973 0.000052 0.000024 0.000085 52.792083 29.650404 80.910319 79.935134 45.931669 109.767229 0.000064 0.000032 0.000089 60.452439 35.172111 83.638606 69.213646 42.114203 105.520427
0.003024 0.000087 -0.000650 0.000694 16.938301 16.849994 17.031024 225933.932058 220662.464493 231119.209842 0.000051 0.000023 0.000083 54.780785 31.386912 82.301735 79.072441 45.146429 110.087111 0.000048 0.000021 0.000082 56.469319 32.200436 83.471320 76.338186 44.495463 108.227989
0.003244 0.000049 -0.000678 0.000707 16.649002 16.561972 16.736720 208485.916382 204084.920314 213217.351201 0.000048 0.000019 0.000081 59.842778 33.239358 82.732297 74.078644 42.443198 108.564374 0.000046 0.000021 0.000078 55.558031 30.127144 82.021857 76.302898 44.365825 108.446023
0.003480 -0.000047 -0.000715 0.000641 16.221973 16.139972 16.309647 189848.030474 185757.313421 194429.893786 0.000045 0.000020 0.000080 54.393472 30.899507 81.744119 77.096480 44.569666 108.162135 0.000049 0.000021 0.000082 54.723462 30.444439 81.418072 75.204778 42.485815 107.797661
0.003734 0.000051 -0.000663 0.000706 16.000292 15.899290 16.094422 177408.507002 172837.352997 182223.100057 0.000050 0.000022 0.000082 55.326720 31.202736 81.822112 76.212820 44.856936 107.415242 0.000047 0.000022 0.000080 53.400032 30.707288 79.867496 74.533026 42.445597 108.467279
0.004011 0.000020 -0.000699 0.000726 16.061051 15.915116 16.211950 182902.459961 175718.159168 190307.185395 0.000054 0.000025 0.000086 57.607861 31.942297 83.065746 81.462442 46.974753 110.875135 0.000055 0.000025 0.000084 54.645973 31.635362 80.125703 72.271947 41.966647 107.252714
0.004504 0.000035 -0.000641 0.000683 15.765453 15.515580 16.049088 167645.519272 156524.211925 181628.245809 0.000050 0.000022 0.000084 56.804358 31.061283 83.079466 77.272654 45.359247 109.040613 0.000054 0.000024 0.000086 55.212932 32.400462 80.997143 77.528104 43.973233 110.177054
0.004986 0.000052 -0.000657 0.000717 16.885199 15.925499 17.800819 206890.014580 163981.075139 271293.831604 0.000054 0.000026 0.000086 56.107358 31.565695 82.313792 78.618621 47.261544 110.091622 0.000053 0.000024 0.000085 58.749084 32.826374 84.493241 77.812011 45.353099 109.141468
0.005293 0.000032 -0.000646 0.000686 14.244237 13.360446 15.120447 124773.883888 95757.841370 168074.465486 0.000059 0.000027 0.000087 55.882861 29.775991 81.870246 82.099170 47.468696 110.183652 0.000054 0.000024 0.000086 59.101274 32.155977 83.494858 80.528760 45.267070 109.711384
0.005671 0.000035 -0.000666 0.000685 15.567985 14.748883 16.377425 159404.824876 128203.078943 200905.511234 0.000059 0.000025 0.000087 55.685719 31.241267 82.497366 79.246913 45.966249 110.476654 0.000055 0.000025 0.000087 57.843101 31.881159 82.859604 77.466369 45.566617 110.134406
0.006054 0.000012 -0.000697 0.000666 14.167516 13.381939 15.027158 123857.736384 96721.876514 164006.588317 0.000054 0.000022 0.000086 58.395442 32.027142 82.708312 81.280121 47.750459 111.392625 0.000055 0.000025 0.000086 57.231804 32.337160 83.086450 77.760266 44.571285 110.446201
0.006415 0.000021 -0.000691 0.000707 14.636557 13.913448 15.469955 132491.514853 107162.965399 171180.227618 0.000058 0.000027 0.000088 55.355497 31.339869 82.099079 79.368510 45.418331 110.421770 0.000054 0.000024 0.000085 56.109611 30.695997 82.107753 78.041038 45.821519 108.707532
0.006843 -0.000008 -0.000662 0.000658 14.343109 13.693621 14.996447 119665.662480 98545.334509 146006.340647 0.000056 0.000024 0.000086 55.918748 31.054144 82.715537 78.092777 46.379462 108.779342 0.000054 0.000023 0.000084 58.073333 32.719726 83.629560 79.375906 46.352664 111.414301
0.007306 -0.000009 -0.000646 0.000654 13.335525 12.728907 14.078565 100755.018291 81666.769771 128667.844095 0.000052 0.000024 0.000082 55.656372 31.402520 83.783734 79.107963 45.339712 110.446750 0.000056 0.000027 0.000086 59.139883 32.360522 83.816172 81.041477 45.978103 111.453942
0.007768 -0.000003 -0.000688 0.000682 14.655471 14.081358 15.277924 129398.552815 109243.044581 155277.767828 0.000059 0.000026 0.000087 58.247255 31.257785 83.361143 79.256137 45.483845 110.676785 0.000057 0.000025 0.000086 56.864726 32.650391 83.393610 77.908045 45.813670 110.304038
0.008314 -0.000025 -0.000710 0.000683 14.338966 13.883315 14.822685 102118.461444 89878.579800 115865.665071 0.000053 0.000025 0.000084 56.451850 32.335018 81.930284 81.261404 47.038495 112.207059 0.000055 0.000025 0.000085 54.530747 30.056761 82.026722 78.624728 46.494569 109.802723
0.008918 -0.000067 -0.000718 0.000661 13.832944 13.334704 14.320337 96418.483184 83493.491680 112890.221223 0.000055 0.000024 0.000086 55.326622 30.708528 81.335753 79.268440 46.779144 110.445960 0.000052 0.000023 0.000084 55.214273 31.526069 82.740103 78.961666 46.693329 111.082682
0.009558 0.000038 -0.000670 0.000695 11.890898 11.477348 12.308153 52520.108925 45724.279636 60844.572562 0.000053 0.000023 0.000083 55.373558 31.523535 80.773094 75.049475 42.962957 108.532789 0.000054 0.000025 0.000084 56.436983 30.816088 81.716906 73.320792 43.517452 108.401554
0.010232 -0.000055 -0.000675 0.000636 12.506088 12.104854 12.935534 69916.364176 61308.781962 82344.936723 0.000053 0.000024 0.000085 58.206739 31.889874 83.569021 80.215600 47.639616 111.495441 0.000056 0.000024 0.000087 57.714104 30.272045 83.714894 77.134086 44.818942 109.928482
0.010939 -0.000061 -0.000693 0.000681 12.254251 11.866588 12.644230 60546.267330 53364.789796 69774.434701 0.000060 0.000026 0.000088 60.760069 33.442783 84.914890 76.567231 46.306887 109.986696 0.000056 0.000024 0.000085 56.906578 31.097822 82.114516 75.705663 45.554977 108.323552
0.011709 0.000057 -0.000638 0.000675 11.687694 11.341020 12.086489 54229.024591 47088.945990 62690.899431 0.000056 0.000024 0.000087 58.628835 31.806912 83.686658 74.207804 43.164301 108.420151 0.000052 0.000023 0.000083 57.680965 32.797028 83.310021 75.860659 43.227403 110.455651
0.012567 0.000023 -0.000681 0.000725 12.095546 11.715010 12.476416 60499.592417 53110.003337 69428.738878 0.000056 0.000025 0.000088 56.606439 31.756639 82.701663 73.939972 43.041910 107.464660 0.000051 0.000022 0.000083 58.017450 32.227678 83.664587 77.278916 45.506425 110.894060
0.013484 -0.000010 -0.000676 0.000673 11.700033 11.370569 12.052115 48381.545776 43087.453598 54615.473488 0.000056 0.000024 0.000086 57.409663 32.881889 83.676150 80.573566 47.039520 110.730595 0.000059 0.000026 0.000087 57.829672 32.101223 84.166339 78.169093 45.219858 109.605791
0.014453 -0.000016 -0.000694 0.000685 11.456385 11.092091 11.824437 48118.113453 42038.716378 55760.488033 0.000056 0.000026 0.000086 59.662230 31.688551 83.589523 74.983613 44.508240 108.832844 0.000056 0.000023 0.000087 53.812283 30.981023 80.837808 76.553787 44.971514 109.428229
0.015477 -0.000004 -0.000701 0.000678 11.005781 10.689521 11.306278 35660.601738 31967.658286 39966.894379 0.000054 0.000023 0.000085 58.554742 31.924041 83.464154 75.508915 43.403227 107.738094 0.000051 0.000024 0.000081 58.378873 31.580194 83.027161 76.106374 44.139240 109.071229
0.016616 0.000010 -0.000678 0.000703 10.322023 10.019392 10.641630 30551.023563 27089.649844 34811.014066 0.000048 0.000022 0.000081 58.467365 31.767961 82.645956 76.871103 45.168870 109.600767 0.000058 0.000025 0.000088 56.910712 30.986152 83.527583 77.961333 44.594137 109.370140
0.017861 -0.000005 -0.000670 0.000688 10.244832 9.908209 10.576851 30315.840857 26727.454463 35308.216047 0.000057 0.000025 0.000086 58.033993 31.531127 83.650795 78.372288 44.282728 111.020793 0.000056 0.000024 0.000086 55.904144 31.866088 82.503515 77.738815 45.807622 110.459179
0.019127 0.000075 -0.000635 0.000697 10.041612 9.752336 10.336009 25822.907049 23057.280592 29223.482701 0.000056 0.000025 0.000085 59.428376 33.765257 84.003726 74.979334 43.094300 109.694817 0.000052 0.000023 0.000084 56.909912 31.869172 81.460377 83.227658 46.860987 111.066981
0.020528 -0.000021 -0.000655 0.000674 9.177514 8.916415 9.456081 18516.205263 16489.440775 21001.508709 0.000053 0.000024 0.000085 57.013957 30.369113 81.668930 77.885332 45.657137 110.316547 0.000053 0.000023 0.000085 55.938873 30.480499 82.710284 77.226142 45.063702 110.513602
0.022076 0.000057 -0.000660 0.000679 9.296046 9.038207 9.543234 16613.904397 15068.437869 18409.866968 0.000054 0.000023 0.000085 57.168695 32.801089 83.423394 79.734964 47.785848 111.172836 0.000058 0.000026 0.000087 57.827958 32.998168 83.787374 76.213674 44.377464 109.533645
0.023681 0.000016 -0.000657 0.000678 8.946980 8.698899 9.210791 15071.306324 13506.895692 16923.715635 0.000055 0.000024 0.000087 57.037373 31.153861 83.600756 74.982291 43.914164 108.035598 0.000050 0.000024 0.000084 58.437255 32.981976 83.215169 75.883623 44.839394 109.527844
0.025468 0.000041 -0.000660 0.000691 8.699431 8.416800 8.986439 14834.988433 13067.020790 17096.540187 0.000054 0.000023 0.000085 56.841272 31.728472 82.998040 78.538867 44.496484 110.179709 0.000053 0.000023 0.000084 55.546543 31.005486 82.751193 78.614083 46.412452 110.702193
0.027457 0.000028 -0.000647 0.000702 8.014922 7.716358 8.336036 11184.720243 9656.459012 13492.386504 0.000057 0.000025 0.000088 60.504779 32.367916 84.378764 74.664599 44.100137 108.579029 0.000054 0.000024 0.000085 59.230123 32.874210 84.014525 77.968002 46.812210 110.296130
0.029564 -0.000024 -0.000669 0.000664 7.192294 6.944259 7.479392 6591.628288 5711.200104 7695.433578 0.000054 0.000022 0.000085 59.159230 32.325558 82.601923 76.818675 43.425722 109.846091 0.000056 0.000024 0.000087 55.294910 32.324030 81.123029 78.354955 45.448438 109.029021
0.031878 -0.000008 -0.000684 0.000676 7.642743 7.353570 7.961403 8642.239746 7499.724192 10220.000291 0.000052 0.000023 0.000084 55.277661 31.663620 82.217946 81.208556 45.966520 112.693254 0.000052 0.000022 0.000083 59.101998 31.778893 84.519588 76.959451 45.638555 109.439371
0.034415 -0.000056 -0.000724 0.000663 7.742879 7.412341 8.072097 8685.259731 7368.844317 10288.281335 0.000055 0.000023 0.000085 58.629628 32.190136 83.465696 78.133067 46.097819 109.785283 0.000057 0.000027 0.000085 58.188354 31.872271 81.182213 78.330456 46.148053 111.952387
0.037311 -0.000005 -0.000683 0.000643 7.250413 6.876920 7.628042 7944.830257 6358.449010 9925.189980 0.000057 0.000025 0.000086 57.386954 31.697353 82.622761 77.218704 44.070800 108.435230 0.000055 0.000024 0.000086 57.201201 31.575311 83.915143 77.789978 44.732867 109.408410
0.040697 -0.000025 -0.000717 0.000698 5.723178 5.435766 6.009219 2551.296650 2099.495942 3126.455383 0.000054 0.000024 0.000084 55.770221 30.553284 81.361120 80.151739 45.175369 109.772418 0.000054 0.000023 0.000086 59.049178 33.533584 82.619834 80.714802 46.585385 111.654552
0.044924 -0.000065 -0.000728 0.000660 6.585335 6.073017 7.080194 6665.658209 4701.189009 9723.735073 0.000056 0.000026 0.000085 58.060486 32.921830 83.082067 77.414281 46.363340 109.058310 0.000054 0.000025 0.000085 59.619708 33.688662 84.080149 77.086316 45.954474 110.096431
0.050039 0.000035 -0.000697 0.000700 5.987469 5.523181 6.485835 3775.782459 2740.059584 5559.789259 0.000056 0.000025 0.000086 58.660006 33.628571 83.693560 78.269999 44.096432 110.461489 0.000055 0.000025 0.000086 56.761510 30.978447 83.575219 79.888304 45.732849 109.240771
