0.000052 0.000000 0.000000 0.000000 22.826519 21.626518 24.026520 0.000000 0.000000 0.000000 0.000000 0.000000 0.000000 0.000000 0.000000 0.000000 0.000000 0.000000 0.000000
0.000118 0.000000 0.000000 0.000000 21.328384 20.528385 22.128384 0.000000 0.000000 0.000000 0.000000 0.000000 0.000000 0.000000 0.000000 0.000000 0.000000 0.000000 0.000000
0.000209 0.000000 0.000000 0.000000 20.025982 19.125982 20.925982 0.000000 0.000000 0.000000 0.000000 0.000000 0.000000 0.000000 0.000000 0.000000 0.000000 0.000000 0.000000
0.000332 0.000000 0.000000 0.000000 18.940168 18.240168 19.640169 0.000000 0.000000 0.000000 0.000000 0.000000 0.000000 0.000000 0.000000 0.000000 0.000000 0.000000 0.000000
0.000479 0.000000 0.000000 0.000000 18.995262 18.295261 19.695263 0.000000 0.000000 0.000000 0.000000 0.000000 0.000000 0.000000 0.000000 0.000000 0.000000 0.000000 0.000000
0.002046 0.000088 -0.000659 0.000712 16.511386 15.002602 18.127686 224349.887148 151939.356858 365122.788750 0.000055 0.000024 0.000085 55.421761 31.807920 82.178634 78.807906 43.911263 110.675115
0.004827 -0.000003 -0.000677 0.000659 16.058252 14.762056 17.433699 180717.696865 128326.215588 271950.288742 0.000056 0.000026 0.000085 58.064206 31.892727 83.432728 80.622647 48.436092 110.627362
0.005864 -0.000075 -0.000707 0.000645 13.013681 12.153824 14.019913 64956.921740 49995.955241 88169.626454 0.000056 0.000025 0.000087 59.773483 32.247576 85.014079 79.030707 45.385524 111.484937
0.006475 0.000031 -0.000692 0.000697 13.618488 12.471862 14.818904 88094.906998 63053.210610 126065.110769 0.000057 0.000026 0.000087 60.527966 33.436338 84.417530 78.950849 44.532369 110.387587
0.007121 0.000029 -0.000659 0.000697 13.711655 12.487377 15.166023 98310.511864 68344.739563 153103.533132 0.000051 0.000023 0.000082 59.197826 32.699368 83.942714 78.648693 45.564738 110.047910
0.007858 0.000073 -0.000658 0.000755 12.246421 11.252880 13.555718 75070.333283 51493.561185 120352.294876 0.000054 0.000024 0.000086 55.644104 30.443153 81.705275 77.714632 45.848671 109.618839
0.008693 0.000028 -0.000688 0.000725 13.854729 12.879770 14.929012 90387.079979 69257.267281 125694.068375 0.000055 0.000024 0.000086 60.255630 33.404339 84.895388 75.114511 44.014576 109.356537
0.009661 -0.000046 -0.000710 0.000650 9.928863 9.116100 10.936887 26240.149759 18727.286814 38351.042476 0.000054 0.000023 0.000084 58.861526 33.451702 84.511909 77.144475 45.050084 109.970693
0.010816 -0.000027 -0.000692 0.000668 12.581852 11.430699 13.957902 76671.263656 51209.750456 121755.269147 0.000057 0.000025 0.000085 57.424117 32.857056 82.586105 79.045976 46.633863 111.418415
0.012000 -0.000018 -0.000698 0.000680 11.287901 10.591851 12.010160 35989.294946 27747.000997 46656.515238 0.000056 0.000025 0.000086 56.526964 31.500343 81.011353 82.184461 46.353776 111.351551
0.012946 -0.000027 -0.000680 0.000652 11.081507 10.126650 12.258015 45183.973385 31319.450375 70517.546830 0.000055 0.000025 0.000086 56.145408 31.745365 82.412559 77.589178 44.941967 109.533602
0.013749 0.000029 -0.000644 0.000689 11.709204 10.850253 12.661256 49361.961055 36807.832062 69382.591390 0.000052 0.000023 0.000084 58.484566 31.580885 83.599964 76.889454 45.117966 110.348246
0.014615 0.000045 -0.000661 0.000712 10.169622 9.398897 11.063948 28433.757658 20879.467941 41836.830494 0.000052 0.000023 0.000084 61.915340 33.570358 85.405295 77.075780 46.121573 109.211109
0.015740 0.000021 -0.000677 0.000696 10.822418 10.130497 11.594226 30840.729060 24197.803104 41488.970186 0.000054 0.000025 0.000086 57.092265 31.745443 80.953572 77.994940 48.096486 109.412798
0.017089 -0.000022 -0.000667 0.000681 7.778055 7.084802 8.542125 10305.960122 7222.239194 16112.466387 0.000052 0.000024 0.000081 55.664418 31.297451 82.679827 80.615220 44.950775 111.793516
0.018453 0.000028 -0.000650 0.000690 8.571657 7.842598 9.444869 16501.281375 11406.655604 25623.325837 0.000052 0.000023 0.000085 58.210762 32.064397 82.865019 80.801207 45.942730 112.970786
0.019752 -0.000029 -0.000715 0.000662 9.978144 9.141733 10.925673 26146.309935 18761.732922 38204.342418 0.000052 0.000024 0.000084 58.010433 32.605662 82.915844 78.332388 45.359742 109.284294
0.021105 -0.000062 -0.000733 0.000629 9.614066 8.851984 10.423755 23530.852614 16867.340490 35006.514037 0.000052 0.000025 0.000084 53.784923 30.455155 80.859176 76.152362 43.975057 109.381715
0.022775 0.000038 -0.000670 0.000724 10.154303 9.433637 10.905990 27478.236833 20400.069013 37771.509928 0.000056 0.000027 0.000085 58.326130 33.433585 82.829524 78.071596 44.692932 109.649076
0.024347 0.000006 -0.000659 0.000693 8.709070 8.097553 9.428009 13959.040188 10565.766601 19474.338175 0.000054 0.000024 0.000084 56.990036 30.831025 82.026836 77.368334 45.327452 111.519811
0.025926 -0.000033 -0.000677 0.000659 7.522807 7.068943 8.064308 7157.521637 5563.266184 9438.920889 0.000052 0.000023 0.000085 54.575246 30.313291 82.271816 75.596360 45.977420 109.577230
0.028086 0.000067 -0.000631 0.000675 7.642403 7.029582 8.259784 8848.555388 6536.404776 12508.768674 0.000055 0.000025 0.000085 58.049677 32.074291 84.655418 79.242704 46.374127 110.038594
0.031132 0.000008 -0.000702 0.000646 7.871462 7.143303 8.751568 14536.917579 9453.675307 24028.427218 0.000060 0.000027 0.000087 59.589791 32.933736 83.676709 78.399248 46.138698 113.444160
0.036334 -0.000005 -0.000665 0.000671 6.225258 5.752331 6.725106 3616.189207 2725.148222 5071.056845 0.000054 0.000025 0.000085 59.978159 33.389243 84.041877 77.929824 45.688200 110.416507
